1,1,1691.7,383.5,169.9,358.1,1
1,2,257.7,452,104.8,258.4,1
1,3,1292.9,461.5,71.1,198.8,1
1,4,1252.1,537.6,63.2,123.3,1
2,1,1684.4,389,171.2,355.4,1
2,2,260.4,454,106.2,260,1
2,3,1293.1,458,73.9,204.7,1
2,4,1254.8,521.8,60.5,140.2,0.928
3,1,1681.9,381.9,172.2,363,1
3,2,263.7,453.1,105.9,261.4,1
3,3,1296,457,74.7,205.9,1
4,1,1680,380.9,173.4,363.6,1
4,2,265.5,449,106.7,265,1
4,3,1299.7,457.3,73,205.6,1
5,2,266.6,449.5,106.7,265.4,1
5,1,1678.8,385.4,173,361.3,1
5,3,1300.5,455.9,74.8,207.1,1
6,1,1679.8,387,173.1,360.1,1
6,2,266.3,450.2,109.7,264.3,1
6,3,1301.5,455.8,76.7,206.7,1
3,4,1257.8,521.125,58.575,141.55,0.928
4,4,1260.8,520.45,56.65,142.9,0.928
5,4,1263.8,519.775,54.725,144.25,0.928
6,4,1266.8,519.1,52.8,142.9,0.787
7,1,1679.7,388.5,167,360.5,1
7,2,272.1,450.4,104.9,261.2,1
7,3,1304.6,454.5,77.6,205.5,1
7,4,1271,531.8,52.8,129.8,0.953
8,1,1680.5,390.2,166.1,360.3,1
8,2,273.2,446.7,104.8,266.2,1
8,3,1304.2,454.5,80.6,206,1
8,4,1275.3,533.5,53.1,129.2,0.994
9,1,1679.5,389.5,167.6,362.9,1
9,2,276,445.3,104.4,271.4,1
9,3,1306.1,454.8,80,204,1
9,4,1272.2,536.6,55,128.4,1
10,1,1677.7,384.6,167.1,366,1
10,3,1307,452.6,82.8,208.5,1
10,2,277.4,440.5,103.7,275.9,1
10,4,1273.3,535.5,57,127.8,1
11,1,1675.2,382.8,170.6,368.7,1
11,3,1308.7,450.3,85.3,212.5,1
11,4,1276,536.7,54.8,126.4,1
11,2,279.1,440.5,105.9,276.8,1
12,1,1671.9,383.8,170.5,369,1
12,4,1277.9,538.6,55.7,125.8,1
12,2,284.2,438.4,99.6,277.2,1
12,3,1309.3,452.8,85.7,207.8,1
12,5,1,246.6,182.5,653.7,0.596
13,1,1670.4,381.6,173.3,365.9,1
13,4,1280.1,538.6,56.8,126.1,1
13,3,1312.9,453.2,82.5,206.9,1
13,2,284.4,443,109,270.8,1
13,5,1,243.7,194.4,675.4,0.935
14,1,1666.8,377.4,177,375.5,1
14,2,286.8,441,107.4,269.1,1
14,4,1283.5,538.6,55,128.1,1
14,3,1316.1,451.9,79.8,208.9,1
14,5,1,238,206,696.5,0.936
15,1,1663.6,377.4,174.3,380.2,1
15,2,288.1,446.3,111.1,263.5,1
15,3,1317.3,453.3,79.7,207.3,1
15,4,1288.3,537.2,55,129.8,1
15,5,1,238.1,220.7,685.9,0.743
16,1,1659.8,376,178.6,380.4,1
16,2,291.2,447.3,110.2,262.9,1
16,3,1319.5,453.5,78,209.5,1
16,4,1291,535.1,53.2,132.9,1
16,5,1,244.9,224.7,691.3,0.932
17,1,1667.6,376.5,169.7,376.5,1
17,2,293,448.2,109.4,263,1
17,3,1322.1,453.9,75.8,208,1
17,4,1291.2,536.3,53,131.6,1
17,5,1,242.8,225.3,685.2,0.98
18,1,1658.3,381,177.8,378.3,1
18,2,301.2,448.9,100.9,261.4,1
18,3,1324.2,454.9,76,207.8,1
18,4,1292.2,536.1,54.7,130.8,1
18,5,1,224.3,225.4,707.1,0.997
19,1,1655.2,381.3,180.9,380.4,1
19,2,304.8,449.5,99.4,259.4,1
19,3,1325,454.5,76.8,209.8,1
19,4,1294,534.2,54.2,131.9,1
19,5,1,231.3,243,679.4,0.997
20,1,1642.4,373.2,188.4,387.7,1
20,2,309,448.7,100.1,259.7,1
20,4,1296.5,534.9,53.3,132.5,1
20,3,1327.8,455.1,74.1,209.3,1
20,5,1,227.1,264.4,703.2,0.998
21,1,1642,370.8,187,396.1,1
21,2,312.4,450.2,98.1,258.1,1
21,4,1296.9,536.1,53.2,130.4,1
21,3,1328.7,455.3,72.7,208,1
21,5,1,243.4,284.4,688.3,1
22,1,1641.7,371.5,184.3,395.2,1
22,4,1298.3,536.2,53.1,130.4,1
22,3,1328.1,456,73.4,207.5,1
22,2,314.5,454.6,95.7,255.9,1
22,5,1,231.9,293.7,693.3,1
23,1,1639.4,375.9,185.3,391.8,1
23,4,1298.8,536.7,56.5,130.4,1
23,3,1329.9,455.9,73.1,206.8,1
23,2,313.5,454,100.7,252.4,1
23,5,1,229.3,316,668.4,1
24,1,1636,377.1,187.8,389.8,1
24,2,312.9,450.2,100,258,1
24,4,1300.5,535.8,54.1,127.7,1
24,5,1,239.9,325,687.9,1
24,3,1329.7,456,75.4,206.3,1
25,1,1632.8,377.8,189.4,390.3,1
25,3,1330.2,454.7,75.5,209.9,1
25,5,1,231.3,349.2,666.8,1
25,4,1302.4,536.4,54,128.9,1
25,2,312.4,446.7,102.5,263.1,1
26,1,1628.3,381.7,190.2,390.9,1
26,5,1,242.5,358,676.8,1
26,4,1301.6,535,56.4,132.5,1
26,3,1330.4,454.7,74.6,206.7,1
26,2,323.5,426.1,90.9,285.7,0.651
27,1,1628.2,383.7,188.7,389,1
27,5,8,232.8,344.7,694.3,1
27,4,1301.9,535.1,56.8,132.1,1
27,3,1330.2,454.4,75.1,206.5,1
27,2,317.7,427.8,98.3,285.2,0.912
27,6,1832.2,323.1,88.8,453.9,0.511
28,1,1637.1,376.7,173.2,391.3,1
28,4,1304.2,536.9,54.7,128.2,1
28,5,18.5,238.6,356.2,667.9,1
28,3,1331.1,455,75,206.8,1
28,6,1822.8,317.3,98.2,452.8,0.93
29,1,1631.6,374.7,174.2,390.1,1
29,5,11.5,234.5,373.5,673.7,1
29,4,1304.5,538,55,127.4,1
29,3,1331.3,455.8,74.7,206.1,1
29,6,1816.5,320.6,104.5,439,0.958
30,1,1629.6,371,173.1,393.9,1
30,5,3.8,231,401.8,671.8,1
30,4,1305.2,538.5,54.5,127.8,1
30,3,1332.3,456.6,75.1,205,1
30,6,1812.5,307.4,108.5,462,0.911
31,1,1629.3,369.3,172.8,399.6,1
31,5,1,223.8,418.5,678.9,1
31,3,1333.2,456.1,75.4,206.4,1
31,4,1308.2,538.4,50.3,126.6,0.999
31,6,1810.5,303.4,110.5,466.8,0.868
32,1,1627.9,371.6,176.2,401.8,1
32,5,1,224.5,423.2,678.7,1
32,3,1332.3,458.3,77,206.6,1
32,4,1310.3,536.5,49,128,0.985
32,6,1808,304,113,467.6,0.957
33,1,1627.8,362.4,170.8,410.7,1
33,5,1,230.7,436.2,668.9,1
33,3,1333.2,454.3,76.6,211.3,1
33,4,1312,527.3,49.5,136.5,0.691
33,6,1806,306.8,115,465.1,0.991
34,1,1624.1,361.5,173.4,413.4,1
34,5,1,229.4,450.3,668.8,1
34,3,1333.7,453.9,76.5,213.1,1
34,6,1802.2,302.1,118.8,469.6,0.984
35,5,1,232.1,458.6,669.7,1
35,1,1617.3,362.5,177.6,416.7,1
35,3,1334.9,453,77.3,216.1,1
35,6,1796.7,302.5,124.3,472.9,0.994
36,5,1,233.6,465.8,671,1
36,1,1620.1,369.4,169.8,405.3,1
36,3,1335.2,454.2,76.1,215.8,1
36,6,1796.5,297.9,124.5,478.8,0.99
37,1,1616.5,367.6,174.2,411.4,1
37,5,19.3,226.7,453.6,671.9,1
37,3,1335.4,454.7,76.8,215.1,1
37,6,1793.8,303,127.2,475.7,0.992
38,1,1615,368,171.9,412.4,1
38,5,27.8,246.2,473.1,653.4,1
38,3,1335.3,454.5,77.2,215.4,1
38,6,1792.8,304.6,128.2,475.6,0.997
39,1,1609.7,367.3,181.9,421.1,1
39,5,52.2,245.6,438.5,656.2,1
39,3,1335.6,454.8,77.9,215.7,1
39,6,1790.8,305.5,130.2,477.7,0.998
40,1,1611.2,367.1,178.2,421.6,1
40,5,79,243,434,658,1
40,3,1337,455.4,78,214.3,1
40,6,1788.5,306.5,132.5,475.9,0.998
41,1,1610.7,368.9,178.8,422.9,1
41,3,1337.7,455.6,78.1,213.8,1
41,5,129.9,253.1,382.9,640.3,1
41,6,1788.6,309.4,132.4,473.1,0.998
42,1,1604.8,369.5,184.3,423.7,1
42,3,1337.8,455.7,78.9,213.3,1
42,5,157.7,249.4,362.5,643.2,1
42,6,1786.4,309.7,134.6,473.7,0.998
43,1,1599.4,365.4,185.2,426.4,1
43,3,1338.5,456.4,79,212.3,1
43,5,200,237.7,331,661.4,1
43,6,1780.9,310.7,140.1,474.1,0.998
44,1,1604,364.8,179.4,423.5,1
44,3,1338.7,456.3,79.2,212.2,1
44,5,234.9,251.1,302,646.8,1
44,6,1782.7,311.3,138.3,480.8,0.999
45,3,1339.2,456.3,79.9,212.5,1
45,1,1596.6,362.4,185.6,427,1
45,5,272,244.3,272.3,633.1,1
45,6,1780.5,308.7,140.5,483.2,1
46,1,1591.8,359.1,193.5,431.5,1
46,3,1339.4,456,80.2,213,1
46,5,285.6,243.4,283.3,625.1,1
46,6,1781.3,304.5,139.7,489.8,1
47,1,1593.1,363.3,188,434.6,1
47,3,1340,455.9,80.5,213.2,1
47,5,297.2,251,285.4,619.6,1
47,6,1780.4,301.1,140.6,489.6,1
48,1,1586.9,351.7,187.8,437.7,1
48,3,1340.3,455.7,80.2,213,1
48,5,309.4,245.9,300.5,616.5,1
48,6,1780.5,298.5,140.5,492.9,0.999
49,1,1581.3,359.2,194.2,433.9,1
49,3,1338.9,457.2,81.9,212.2,1
49,5,327.4,259.1,304.4,603.9,1
49,6,1779.4,293.5,141.6,501,0.999
50,1,1576.7,355.8,196.9,440.3,1
50,3,1340.6,455.5,80.9,213.7,1
50,5,342.6,254.5,320,610.1,1
50,6,1778,288.9,143,511,1
51,1,1581.5,351.1,189.8,445.2,1
51,3,1340.6,455.3,81.2,213.6,1
51,5,361.6,259.3,320.9,619.8,1
51,6,1776.9,286.2,144.1,516,1
52,5,371.1,254,321.9,623.2,1
52,3,1340.9,455.4,81.2,213.8,1
52,1,1577,356,190.7,446.4,1
52,6,1774.4,287.7,146.6,513.2,1
53,5,381.5,262.1,329.3,606.2,1
53,3,1341.3,455.4,80.7,213.5,1
53,1,1561.8,353,208,449.5,1
53,6,1772.5,286.4,148.5,517.3,1
54,5,387.5,264.3,334.8,598.6,1
54,3,1341.2,455.1,80.9,214.3,1
54,1,1567.3,358.6,198.4,450.1,1
54,6,1770.5,285.6,150.5,520.3,1
55,5,407.9,258.1,333.1,599.5,1
55,3,1341.4,455.1,81,214.3,1
55,1,1561.9,362,198.2,441.6,1
55,6,1769.7,283.6,151.3,522.1,1
56,5,431,265.7,308.3,593.5,1
56,3,1341.3,455.3,80.7,213.9,1
56,1,1558.9,361.1,197.7,446.5,1
56,6,1768.3,283,152.7,526.9,1
56,7,381.9,414.6,111.7,311.4,0.834
57,3,1341.5,455.1,80.8,214.1,1
57,5,456.6,259.6,292.6,598.8,1
57,1,1552.6,365.5,205.5,446,1
57,6,1764.5,285.4,156.5,526.2,1
57,7,378.1,438,119.8,276.1,1
58,3,1341.4,455.3,80.8,213.6,1
58,5,486.4,264.4,266.1,581.7,1
58,1,1540.3,360.6,206,447.5,1
58,6,1758.7,284.5,162.3,528.4,1
58,7,373.9,441.2,116.8,270.3,1
59,3,1341.3,455.2,81.3,215.1,1
59,1,1532.7,354.4,209.8,455.5,1
59,5,512.6,251.3,245.6,588.3,1
59,6,1753.4,288,167.6,524.5,1
59,7,371.8,436.8,120.9,275.4,1
60,3,1341.3,455.2,81,214.2,1
60,5,534.8,268,244,557.4,1
60,1,1531,359.1,201.5,446,1
60,6,1744.1,295.6,176.9,525.8,1
60,7,369.3,436,121.1,274.9,1
61,1,1520.2,345.8,211.9,464,1
61,3,1341.1,455.2,81.2,214.8,1
61,5,546.5,260.9,251.4,577,1
61,6,1742.8,283.7,178.2,537.2,1
61,7,370.7,435.9,121.3,272.7,1
62,5,563.2,246.3,257.1,592.9,1
62,6,1746.2,283.1,174.8,536.1,1
62,3,1341.2,455.1,81.2,214.5,1
62,1,1520.5,340.3,208.5,463.8,1
62,7,376.6,433.3,117.1,275.4,1
62,8,203.8,468.2,98,238.4,0.998
63,1,1508.2,341.4,214.6,472,1
63,5,576.6,263.8,269.4,566.7,1
63,3,1341.2,455.6,80.4,214,1
63,6,1744.5,282.1,176.5,536.7,1
63,7,384.7,433.6,111.9,272.3,1
63,8,202.8,464,101.4,242.5,0.999
64,1,1506.7,341,211.5,475,1
64,5,587.2,268.2,277.1,564.8,1
64,3,1341.3,455.2,80.7,214.4,1
64,6,1737.8,279.5,183.2,546.6,1
64,7,393.6,444.5,103.3,264,1
64,8,207.2,464.4,97.3,238.1,0.999
65,1,1500.7,340.2,213.5,475.5,1
65,5,608,272.7,278.3,564.8,1
65,7,398.8,432.9,106,277.6,1
65,3,1341.4,455.2,80.6,214.4,1
65,6,1731.8,276.6,189.2,551.3,1
65,8,211.1,468,96,238.5,0.999
66,1,1505.1,341.6,210.3,478.7,1
66,6,1729.2,273.9,191.8,552.9,1
66,3,1341.3,455.8,80.4,213.2,1
66,5,614,281.3,285.3,550.6,1
66,7,402.6,435.1,104.6,274.6,1
66,8,219.2,468.7,95,240,0.999
67,6,1726.2,273,194.8,557.1,1
67,1,1507.2,339.7,206,481.6,1
67,5,629.8,275.8,281.7,560.9,1
67,3,1341.2,455.8,80.7,213.6,1
67,7,402.7,432.6,109.6,278.1,1
67,8,224,469.9,95.5,239.7,1
68,6,1718.2,271,202.8,562.6,1
68,5,648.5,283.8,271.6,540.8,1
68,3,1341.4,455.7,80.3,212.9,1
68,1,1504.2,341.6,204.4,476.5,1
68,7,407.5,439.7,110.1,269.4,1
68,8,234.5,474.8,94.8,236.4,1
69,7,406.4,432.4,119.1,273.9,1
69,6,1718.7,266.2,202.3,570.2,1
69,3,1341.3,455.7,80.6,213.4,1
69,1,1506.2,343.2,201.7,473.8,1
69,5,666.6,277.4,258.8,549.8,1
69,8,239.4,476.2,93.2,236.5,1
70,7,407.7,431.2,123.1,277.1,1
70,6,1712.2,262.1,208.8,575.4,1
70,5,685.3,276,254.2,544.5,1
70,3,1341.3,455.6,81.1,213.4,1
70,1,1509.2,341.1,198.4,488.1,1
70,8,243.7,473.8,95.1,243.1,1
71,7,410.5,434.2,119.4,267.5,1
71,3,1341,455.6,81.2,213.4,1
71,5,702.6,278.7,247.6,547.1,1
71,6,1709.8,270.2,208.8,564.2,1
71,1,1509.1,341.1,199.2,485.2,1
71,8,245.2,473.1,92.8,244.4,1
72,7,412.7,434.8,119.3,272.6,1
72,5,713.5,284.3,239.1,535.7,1
72,6,1710.7,266.3,207,565.9,1
72,3,1338.9,457.1,82.3,212,1
72,8,247,473,93.3,244.3,1
72,1,1509.3,341.4,199.9,490.9,1
73,7,413.6,437.1,116.6,270.4,1
73,5,741.7,275.5,217.3,545,1
73,6,1706.1,268.5,209,565.3,1
73,3,1339,457.1,82.1,211.9,1
73,8,248.7,471.6,90.4,242.1,1
73,1,1500.8,343.7,200.6,489.3,1
74,5,756.2,273,209.3,547.2,1
74,7,415.2,436,116.7,274.5,1
74,6,1704.6,266.3,206.6,571.6,1
74,1,1496.4,339.8,198.3,498.2,1
74,3,1338.9,457,82.3,212.1,1
74,8,249.8,471.3,92.1,241.8,1
75,5,773.3,273,202.7,537.8,1
75,6,1697.7,262.3,212.7,577.8,1
75,7,413.6,432.5,119.9,275.7,1
75,3,1339.3,457.3,82.2,211.7,1
75,1,1484.4,338,210,492.9,1
75,8,250.6,473.8,94.2,239,1
76,5,780.6,277.8,204.4,532.7,1
76,3,1339.1,457,82.4,212.2,1
76,6,1694.6,264,213.3,575.5,1
76,7,415.9,429.2,118.8,279.5,1
76,1,1481.7,333.7,215.6,499.9,1
76,8,253,470.4,95.4,242.9,1
77,5,792.7,280.7,212.3,530.9,1
77,1,1470.5,335.6,222.7,496,1
77,3,1338.8,457.4,82.5,211.6,1
77,7,415.9,429.5,118.5,278.6,1
77,6,1693.6,264.9,208.4,579.4,1
77,8,255.8,471.5,92.7,239.9,1
78,1,1463.2,332.3,231.1,495.5,1
78,6,1692,266.3,210.7,579.4,1
78,5,800.5,290.7,229.8,520.7,1
78,3,1340.2,455.7,81.6,213.3,1
78,7,416.4,429.8,117.4,279.8,1
78,8,255.5,466.6,97.4,243.5,1
79,6,1688.8,261,212.6,589,1
79,5,807.3,290.3,250.7,513.4,1
79,7,418.7,427.3,115.5,282.9,1
79,3,1337.8,458,83.8,210,1
79,1,1458.9,328.2,224.3,502.8,1
79,8,254.2,466,101,245.3,1
80,5,814,307.6,261.2,483.6,1
80,1,1452.7,325.1,230.2,512.6,1
80,6,1686.8,269.5,210,580.7,1
80,7,424.6,427.7,113.4,283.1,1
80,3,1338.5,457.1,82.6,211.2,1
80,8,258,467.9,105.5,243.2,1
81,5,816.6,294.8,271,504.2,1
81,6,1682.1,262.7,212.3,594.9,1
81,1,1445.3,315.7,235.9,527.6,1
81,3,1338.3,456.8,83.5,210.5,1
81,7,426.9,426.4,113.9,283.1,1
81,8,264.4,467.4,105,244.1,1
82,5,834.9,293.6,257.9,501.7,1
82,1,1434.6,314.8,244.7,529.4,1
82,6,1680.9,260.4,211,596.1,1
82,3,1337.9,457,83.7,211.1,1
82,7,428.3,423.7,113,288.6,1
82,8,269.6,463.7,107.3,249.9,1
83,6,1677.7,264.8,213.2,598.9,1
83,1,1430.2,316.6,246.3,522.7,1
83,5,862,297.9,233.5,500.8,1
83,7,435.7,425.7,106.5,286.8,1
83,3,1339.8,455.1,81.8,213.6,1
83,8,276.6,460.6,113.7,251.1,1
84,5,876.5,295.5,227.2,502.6,1
84,1,1423.5,317.4,249.2,528.3,1
84,6,1678.3,255.3,210.8,605.3,1
84,7,439.6,429.7,103.6,283.2,1
84,3,1339.8,454.7,81.4,214.5,1
84,8,279.5,462.3,114.5,251.1,1
85,6,1677.3,258,206.4,603.9,1
85,1,1418.3,331.6,254.7,503.7,1
85,5,906.6,301.2,198.9,490,1
85,7,442.2,429.2,106.7,283.8,1
85,8,287.9,460.7,108,252.4,1
85,3,1339.8,454.9,81.2,214.5,1
86,5,927.3,296.4,186.5,497.5,1
86,6,1670.8,250.8,215.2,608.1,1
86,1,1410.1,329.8,250.1,506.4,1
86,7,442.8,427.4,114.3,281.9,1
86,8,290.9,462.1,106,253.9,1
86,3,1339.5,454.7,81.5,215,1
87,5,933.7,292.1,191.8,497.8,1
87,6,1669.6,248.2,218.2,605.7,1
87,1,1402.7,331,256.5,511.7,1
87,7,446.3,423.1,114.5,292,1
87,8,298.5,463,101.7,250.6,1
87,3,1339.3,455.1,81.7,215.1,1
88,5,936.9,298.3,204.9,482.3,1
88,1,1400.5,335.9,250.5,508.1,1
88,6,1669.2,249.1,216.7,608.9,1
88,7,445.5,425.1,122,284.4,1
88,8,303.7,459.4,97.7,251.9,1
88,3,1340.4,454.9,82,214.7,0.999
89,5,940,301.5,210.5,477.1,1
89,1,1397.4,331.7,253.6,522,1
89,6,1665.6,241.1,223.7,621.3,1
89,7,446.1,426.2,127.2,284.5,1
89,8,306.1,460.6,101.1,253.1,1
89,3,1340.4,456.3,81.6,211.7,0.998
90,5,949.9,301.4,218.9,477,1
90,6,1658.7,240.1,227.7,621.6,1
90,7,451.6,421.4,123,293.9,1
90,1,1387.1,320.6,247.3,549,1
90,8,309.2,458.6,102.3,254.4,1
90,3,1340.1,456.3,79.9,209.7,0.984
91,5,949,307.7,239.3,474.3,1
91,6,1654.7,240.2,229.5,627.3,1
91,1,1383.5,325.3,251,545.4,1
91,8,309.6,459.8,103.3,253.3,1
91,7,452.1,422.8,120.7,294.4,1
91,3,1338.7,454.2,80.7,212.9,0.839
92,5,952,313.3,238.9,462,1
92,6,1651.7,247.7,228.4,618.4,1
92,1,1382,319.6,246.7,553.9,1
92,8,309.9,461.3,102.7,254,1
92,7,455.1,425.1,113.5,293.4,1
93,5,963.1,312,242.3,464.5,1
93,1,1382.2,322.6,242.7,551,1
93,6,1633.4,243.2,243.6,638,1
93,8,314.9,464,98.1,254.8,1
93,7,458.7,425,109.3,295.2,1
94,5,972.4,315.8,238.7,463.3,1
94,1,1377.8,321.5,238.3,542.8,1
94,6,1633.5,242.1,244.9,639.3,1
94,7,459.8,424.8,111,296.7,1
94,8,315.8,467,99.1,246.7,1
95,5,987.4,318.5,228.1,450.7,1
95,1,1373.4,319.9,239.5,548.6,1
95,6,1628.6,240.3,243.7,639,1
95,8,313.7,456.2,104.4,258.8,1
95,7,463,423.1,109.9,297.1,1
96,5,1010.7,316.3,218.3,452.9,1
96,1,1369.9,314.6,234.8,561.1,1
96,6,1613.6,249.5,253.3,640.1,1
96,7,459.4,421.9,116.5,296.3,1
96,8,315.7,455.5,106.8,258.4,1
97,5,1017.4,315,217.6,449.2,1
97,6,1615,227.8,246.3,668.9,1
97,1,1367.5,332.8,234.3,536,1
97,7,455.9,416.5,125.4,300.9,1
97,8,319.2,458.4,102.9,258,1
98,5,1037.7,313.5,206.3,444.6,1
98,1,1366.1,311.5,226.5,572.4,1
98,7,457.1,416.6,127.9,304.4,1
98,6,1608.1,231.4,245.9,651.9,1
98,8,319.4,461.8,103.1,253.1,1
99,5,1045.2,310.9,202,447.5,1
99,8,320.3,453.3,102.4,264.6,1
99,6,1607.1,228,241.4,652,1
99,7,457.7,418.1,128.7,304.4,1
99,1,1366.7,305.4,215.2,580.5,1
100,5,1061.4,310.2,187.3,448.8,1
100,7,459.8,419.6,125.1,297.1,1
100,6,1600.6,222.6,248.6,673.5,1
100,8,322.1,459.9,100.1,256.2,1
100,1,1358,314.9,229.7,576.2,1
101,5,1076.5,310.5,183.9,448.6,1
101,7,457,419,129.2,295.5,1
101,1,1355.9,314.1,224.3,569.6,1
101,8,323.9,446.5,102.6,270.4,1
101,6,1588.6,230.5,251.6,664,1
102,7,457.9,418.4,126.2,295.8,1
102,6,1585.8,218.3,251.9,677.3,1
102,5,1081.7,311.8,186.7,442.5,1
102,1,1351.2,314.5,225.3,570.3,1
102,8,326.5,441.1,102.5,276.4,1
103,5,1090.2,312.8,190.8,441.4,1
103,6,1583.4,216.7,239.1,673.8,1
103,1,1348.8,317.2,222.4,579.3,1
103,7,457.7,417.3,128.6,299.6,1
103,8,327.9,443.5,100.7,274.5,1
104,7,457.7,416.4,128.4,300.8,1
104,5,1094.6,317.7,194.7,443.7,1
104,1,1331.5,306,233.8,593.8,1
104,8,328.8,449.7,98.6,266.1,1
104,6,1577.2,231.2,239.7,669.2,1
105,7,457.4,418.9,127.9,308.5,1
105,5,1102.9,324.8,192.4,431.3,1
105,6,1574.8,229,242.9,684.1,1
105,8,328.7,449.8,99.3,267.3,1
105,1,1336,310.6,226.6,584.4,1
106,7,458.2,416.8,130,306.9,1
106,5,1106,323.3,206.9,430.8,1
106,6,1571,227.4,237.9,686.5,1
106,1,1323.7,312.6,243.3,594.3,1
106,8,333.5,447.4,98.6,272.4,1
107,6,1568.2,225.7,235.3,690,1
107,7,459,419.8,127.2,298.4,1
107,5,1121,328.8,190,420.4,1
107,1,1317.8,317.6,244.1,582.2,1
107,8,336.3,449.9,96.1,268.9,1
108,6,1562.3,221.8,232.8,685.6,1
108,8,342.3,453.3,92.6,264.5,1
108,7,461.1,420.1,125.1,298.4,1
108,5,1129.3,336,188.8,417.7,1
108,1,1311.3,301.4,234.7,599.5,1
109,6,1559.9,223.3,231.9,689.4,1
109,7,460.3,414.5,128.4,309,1
109,5,1134.4,332.7,191.2,405.2,1
109,8,343.1,452.8,93.2,267.3,1
109,1,1297.4,304.4,248.6,605.3,1
110,6,1549.4,223.1,235.5,697.9,1
110,1,1297.7,301.9,244.5,607,1
110,8,343.8,449.2,97,273.6,1
110,7,462.8,420.3,123.7,299.3,1
110,5,1145.7,328.2,183.8,412.2,1
111,8,345.5,451.2,93.8,271.2,1
111,7,461.2,418.1,124.3,305.2,1
111,6,1548.8,210.8,237,712.8,1
111,1,1291.1,297.7,247.3,608.5,1
111,5,1152,326.1,180.4,410.6,1
112,8,348.1,447.1,90.5,274.2,1
112,7,461.1,414.2,122.2,308.8,1
112,6,1537.6,218,240.3,725.9,1
112,1,1287,298.6,237.8,606.4,1
112,5,1155,322.1,181.7,419.3,1
113,6,1532.3,218.3,231.8,717.7,1
113,7,456.4,410,123.9,313,1
113,8,347.6,445.1,94.9,275.6,1
113,1,1281.3,298.5,243.5,613.7,1
113,5,1165.8,326.8,172.2,409,0.999
114,7,460.1,406.2,119.7,317.7,1
114,1,1263.6,294.1,265.8,626.8,1
114,6,1527.1,209,240.6,742.4,1
114,8,347.7,441.2,94.2,279.5,1
114,5,1183.8,336.5,139.9,389.4,0.571
115,7,456.3,409.4,121,320.3,1
115,6,1519.5,213,242.9,732.9,1
115,1,1256.8,279.1,252.5,635.5,1
115,8,348.6,441.2,93,281.4,1
116,1,1251.4,304.6,258.5,618.2,1
116,7,458.4,405.8,116.1,314.7,1
116,8,347.5,437.3,96.2,287.8,1
116,6,1509.2,207.7,241.9,736.9,1
117,1,1241.4,290.7,261,623.6,1
117,7,459.4,405.7,115.7,314.3,1
117,6,1507.9,219.8,241.3,726,1
117,8,346.1,441.6,94.9,285.9,1
118,1,1223.7,279.8,262.9,654.8,1
118,7,457.1,405.2,119.6,315.8,1
118,8,344.7,439.6,96.7,290.9,1
118,6,1499.7,197.5,252.6,753.9,1
119,1,1208.1,309.4,281.1,627.1,1
119,6,1491.3,201,249.2,753.9,1
119,7,456.5,404.7,120.3,327.7,1
119,8,344,440.5,97.7,290.1,1
120,6,1489,183.1,256.5,772.2,1
120,1,1204.9,284.8,271.2,650.7,1
120,7,454.3,406.4,125.5,313.6,1
120,8,344.9,441.8,96.9,290.7,1
121,1,1187.1,294.6,280.7,648.3,1
121,7,454.1,404.3,123.6,324.6,1
121,6,1480.5,177.8,262.1,781.6,1
121,8,344.8,441.3,96.7,292.3,1
122,1,1167.7,289,294.8,663.3,1
122,6,1467.2,186.7,259.2,764.2,1
122,7,453.1,406.4,123.7,323,1
122,8,340.1,438.9,97.5,297.3,1
123,1,1157.5,280.4,297,668.6,1
123,6,1459,182.1,271.1,770,1
123,7,453.1,407.4,119.4,322,1
123,8,336.6,437.6,100,299.2,1
124,1,1144.6,280.4,304.7,675.8,1
124,6,1460.8,176.4,267.2,784.6,1
124,7,451.2,407.2,119,322.1,1
124,8,336.3,437.4,101.7,299.7,1
125,1,1141.6,274,300.6,687.4,1
125,6,1455.2,173.7,270.5,786.5,1
125,8,330.4,431.7,109.6,304,1
125,7,450,407.6,120.4,323.4,1
126,1,1137.8,271.8,293,694.4,1
126,6,1434.9,146.8,289.2,817.2,1
126,8,332.3,434.7,109.2,301.4,1
126,7,451.4,409.6,117.5,317.1,1
127,6,1426.7,176.9,291.6,787.4,1
127,1,1132.5,267.7,285.4,691.1,1
127,8,330.5,435.7,110.8,300.6,1
127,7,451.2,409.5,117.5,320.1,1
128,1,1124.9,267.2,290.3,702.2,1
128,6,1421.5,163.8,278.6,811.8,1
128,8,324.7,428.6,116.2,305.7,1
128,7,453,405.5,117.1,327.1,1
129,6,1409.7,190,292.2,784.4,1
129,1,1118.8,256.9,283.2,718.9,1
129,8,325.7,432.6,113.4,305.1,1
129,7,453,402.6,118.3,329.4,1
130,6,1402.2,185.5,293.8,790.9,1
130,1,1128.3,263.5,263.9,717.7,1
130,8,321.7,429.1,117.6,308.6,1
130,7,451.4,399.3,119.9,331.3,1
131,6,1397.4,172.1,290.6,805.9,1
131,1,1118.8,273.9,261.6,704.1,1
131,8,316.4,429.3,122.1,309.7,1
131,7,454.8,400.3,114,335.8,1
132,6,1381.4,166.9,297.3,823.4,1
132,1,1119.3,287.8,254.2,696.8,1
132,8,316.5,430.1,123.5,305.7,1
132,7,454.1,397.4,114.5,340.1,1
133,6,1374.7,174.8,293.5,820.6,1
133,1,1093.6,281.6,281,708.6,1
133,8,318.4,428.5,123.5,314.4,1
133,7,450.2,395.7,119.3,338.1,1
134,1,1092.9,277.4,281.4,707.4,1
134,6,1370.2,170.2,288.5,805.6,1
134,8,318.2,433.3,120.8,303.9,1
134,7,448.2,392.9,125.8,338.2,1
135,6,1362.6,163.7,288.5,825.3,1
135,1,1074.5,279.5,290.6,718,1
135,8,319.7,430.2,120.9,308.9,1
135,7,449.3,392.5,126.8,338.7,1
136,6,1347.9,159.9,301.5,822.9,1
136,1,1061.4,273.7,291.6,730.1,1
136,8,324.7,424.1,119.3,321.1,1
136,7,446.6,394,132.9,338.1,1
137,6,1341.4,151.1,300.2,838.9,1
137,1,1048.9,255,296.2,759,1
137,7,447.6,393.2,133,339.8,1
137,8,325.6,423.1,118,321.6,1
138,1,1039.5,238.5,292,784.5,1
138,6,1329,137.9,305.3,859.2,1
138,7,444.4,389.6,135.2,353.7,1
138,8,322.2,421.3,121.2,325.7,1
138,9,3.9,270.4,167.9,669.6,0.987
139,6,1315.6,145.9,312.3,850.9,1
139,1,1022.9,237.2,309.6,780.8,1
139,8,321.1,421.9,123,323,1
139,7,445.4,396.8,132.6,342.5,1
139,9,3.3,290.1,191.9,663.4,0.999
140,1,1009.8,239.2,305.5,781.9,1
140,6,1302.8,136.9,318,882.5,1
140,7,445,398.2,130.9,341.7,1
140,8,321.4,422.2,123.5,323.1,1
140,9,9.2,269,208.6,668.2,0.999
141,1,986.2,244.2,335.5,776.4,1
141,6,1300.7,133.6,313.8,862.7,1
141,7,447.6,399.4,126.5,342.6,1
141,8,323.2,421.7,121.3,324.1,1
141,9,6.4,271.3,210.4,657.1,0.999
142,6,1296.1,129.4,308.6,871.1,1
142,1,978.6,235.3,327.9,780.3,1
142,7,444.1,398.4,132.1,342.5,1
142,8,320.1,421,123.7,325.4,1
142,9,6.2,271.2,220.1,678.6,0.999
143,6,1288.4,129.8,305.8,880.7,1
143,1,977.1,218.8,342.3,826.2,1
143,7,443.3,398.1,130.7,346.3,1
143,8,323.3,420.9,120,327,1
143,9,1.6,269.8,218.4,699.9,1
144,6,1280.2,131.5,301.8,897.9,1
144,1,961.4,231,336.9,816.5,1
144,7,443.2,397.8,131.6,349.9,1
144,8,322.8,419.2,120.5,332.6,1
144,9,1,269,232.6,687.8,1
145,1,942.8,214,350.2,839.7,1
145,6,1264.4,138.3,309.3,888.5,1
145,7,439.6,397.7,135.9,343.3,1
145,9,7.2,268.1,237.7,685.5,1
145,8,320,419.3,123.4,334.4,1
146,1,929.2,230.4,353.4,819.8,1
146,6,1254.4,123.9,325.1,913.6,1
146,7,443.1,394.7,136.7,351.2,1
146,8,319.2,423.1,121.6,332.9,0.999
146,9,24.3,272.3,232.3,674.1,1
147,1,929.9,215,337.3,846.7,1
147,7,442.8,388.5,139.6,363,1
147,6,1247.4,143.4,321.5,901.6,1
147,9,42.9,281.5,230.6,651.2,1
147,8,312.8,415.8,127.9,338.2,0.999
148,1,912.5,225.2,351,839.8,1
148,7,441.6,388.8,143.5,364.9,1
148,6,1234.1,125.7,329,955.3,1
148,9,59,289.8,251.2,635.1,1
148,8,305.6,418,131.7,342.4,1
149,1,913.1,214.1,336.1,852,1
149,6,1233.5,115.1,325.3,950.9,1
149,7,440.6,390.5,144.6,364.7,1
149,9,69,284.5,277.6,646.5,1
149,8,305.9,414.2,129.8,340.3,0.998
150,6,1231.5,125.6,319.7,955.4,1
150,7,440.2,389,147.7,367.6,1
150,1,893.4,222.5,347.4,840,1
150,9,65.5,277.4,331.1,660.4,1
150,8,302.9,413.8,129,344.2,0.984
151,1,890.1,225.4,340.5,855.6,1
151,6,1216.2,128.7,322,952.3,1
151,7,442.7,386.1,142.9,368.8,1
151,9,79.8,286.9,348.3,629.7,1
152,6,1204.9,126.6,330.7,943.7,1
152,7,447.6,385.3,139,370.4,1
152,1,873.3,227.5,345.6,847.6,1
152,9,82.6,299.4,358.6,617.2,1
153,1,859.2,213.5,347.8,867.5,1
153,6,1204.4,91.4,328.4,969.1,1
153,7,449.1,382.6,142.3,373.1,1
153,9,110.7,301.6,361.6,607.7,1
154,6,1190.6,87.6,343.8,993.4,1
154,1,848.9,209,356.6,872,1
154,7,447.2,381.7,146.3,372.2,1
154,9,131.4,297.3,352.1,616.5,1
155,6,1178.5,82.2,353.8,996.9,1
155,7,447.3,380.6,147.5,377.4,1
155,1,818.2,205,376.2,876,1
155,9,144.9,293.9,332.6,619.4,1
156,6,1166.1,68.9,355.5,1002.7,1
156,7,448.9,389.8,146.6,371.9,1
156,1,793.5,195.2,388.9,885.8,1
156,9,146.5,291.4,339.9,616.6,1
156,10,1460.7,363.6,134.1,323.5,0.726
157,6,1157.7,79.2,353.8,1001.8,1
157,1,797.3,186.3,363.8,894.7,1
157,7,451.4,378.8,149.7,388.9,1
157,9,191.7,297.5,285.5,612.9,0.999
157,10,1466.9,365.4,137.6,320.1,0.999
158,6,1142.1,78.8,365.5,1002.2,1
158,1,788.7,202.7,359.7,878.3,1
158,7,449.9,386.9,150,382.6,1
158,10,1464.9,370.2,146.9,307.6,0.999
158,9,245.5,292,240.5,622.1,0.999
159,1,784.2,201.9,353.9,879.1,1
159,6,1130.1,51.7,376.1,1024,1
159,7,457.1,386.1,147.2,380.1,1
159,10,1476.1,371.4,137.4,307.2,1
159,9,268.1,292.2,212.5,609.7,1
160,1,779.2,179.7,343.9,901.3,1
160,6,1129.2,87.1,368.5,993.9,1
160,7,460.6,374.9,145.1,392.9,0.999
160,10,1479.9,367.9,135,310.8,1
160,9,292.3,295.7,201.4,595.8,0.999
161,1,764.6,191.6,350.2,889.4,1
161,6,1109.9,66.1,374.4,1014.9,1
161,10,1481.4,368.8,139.6,301.8,1
161,7,473.9,383.4,140.3,387.3,0.996
161,9,324.1,294.1,199.9,599.8,1
162,6,1103.9,39.1,384.5,1041.9,1
162,1,758.7,177.6,338.8,903.4,1
162,10,1493.1,369.5,131.2,307.2,1
162,9,334.7,296.7,209.6,601,1
162,7,477.5,382.2,127.6,403.1,0.514
163,6,1092.7,27.5,384.7,1053.5,1
163,1,738.7,182.1,349.7,898.9,1
163,10,1497.1,367.1,133.2,312.7,1
163,9,349.7,299.5,214.1,594.7,1
164,6,1071.9,34.6,393.4,1046.4,1
164,10,1501.4,370.4,130.9,307.8,1
164,1,735.3,186.7,334.1,894.3,1
164,9,359.8,307,231.9,580.5,1
165,6,1060.8,32.9,396.3,1048.1,1
165,10,1500.6,373.3,133.9,303.3,1
165,1,694.1,180.6,378.5,900.4,1
165,9,375.1,305.6,257.3,586.9,1
166,6,1049.9,41.4,391.8,1039.6,1
166,10,1498.5,371.5,143,307.3,1
166,1,684.2,173,366.7,908,1
166,9,387.8,305.1,278.1,591.8,1
167,6,1035.8,41.5,403.4,1039.5,1
167,1,659.3,170.6,377.5,910.4,1
167,10,1500.2,374.8,142.8,301.2,1
167,9,405.1,315.7,266.9,577.3,1
168,6,1016.5,34.8,405.5,1046.2,1
168,9,422.9,311.2,253.9,570.9,1
168,10,1500.7,377.4,143.4,301.4,1
168,1,642.8,159.3,376,921.7,1
168,11,1379.6,452,81.9,232.1,0.986
169,6,1002.9,28.6,413.6,1052.4,1
169,1,623,164.3,387.2,916.7,1
169,9,448.1,303.7,231.3,569.3,1
169,10,1502.4,378.9,143.2,300,1
169,11,1379.3,450.5,86.6,232.9,0.999
170,6,1001.4,18.3,400,1062.7,1
170,10,1504.5,382.6,143.7,295.3,1
170,1,601.7,154.7,390.4,926.3,1
170,9,468.4,310.3,190.4,571.4,0.999
170,11,1376.3,448,92,234.1,0.998
171,6,977.3,17.3,415.4,1063.7,1
171,10,1511.5,381.9,143.4,296.8,1
171,1,554.4,146.2,417.7,934.8,1
171,11,1382.3,444.8,91.3,236.6,1
172,6,964.2,12.9,417.5,1068.1,1
172,10,1518.8,385.7,136.7,286.2,1
172,1,564.4,155.8,396.4,925.2,1
172,11,1382.1,442.3,95.2,242.7,1
172,12,1333.4,537.8,58.4,173.4,0.831
173,6,943.6,3.7,428.9,1077.3,1
173,10,1525.1,378.9,134.4,294.7,1
173,1,557,144.1,388,936.9,1
173,11,1383.5,444.6,93.5,237.8,1
173,12,1337.3,536.3,65.2,151.6,1
171,9,438.133333333,335.0,207.8,525.7,0.999
172,9,407.866666667,359.7,225.2,480.0,0.999
173,9,377.6,384.4,242.6,480,0.999
174,6,937.4,1,414.6,1080,1
174,10,1532.8,382.6,127.7,286,1
174,11,1384.8,444.7,93.2,235.6,1
174,12,1334.4,538.3,69.2,149.7,1
174,1,522.9,127.5,417.8,953.5,1
175,10,1538.3,380,125.2,284.8,1
175,6,931.1,1,413.9,1080,1
175,1,509,133.1,424,947.9,1
175,12,1332.9,539.2,71.8,149.7,1
175,11,1386.1,439.2,94.7,242.6,1
174,9,371.6,389.35,192.9,455.8,0.999
175,9,365.6,394.3,143.2,431.6,0.667
176,6,917.7,1,406.4,1080,1
176,1,487,140,422.4,941,1
176,10,1541.7,380.1,128.3,286.9,1
176,11,1383.8,438.6,99,242.7,1
176,12,1333.2,540.2,71.4,149,1
176,9,358.7,400.9,145.2,401.4,0.996
177,1,463.2,123.9,448,957.1,1
177,10,1543,379.3,130.4,286.7,1
177,12,1335.8,541.2,71.3,147.6,1
177,6,910.1,1,408.8,1080,1
177,11,1387.8,438.3,96.9,243.3,1
177,9,361.6,400.7,145.3,403.8,0.997
178,10,1546.8,379.2,129.7,290,1
178,1,437.5,129,455.5,952,1
178,12,1336.9,540.3,71.1,148.1,1
178,6,897.9,1,408.5,1080,1
178,11,1390.3,439.8,94.6,237.6,1
178,9,371.9,396.9,142.8,409.5,0.893
179,10,1550,380.5,131.9,285.9,1
179,12,1340,540.6,70.1,147.9,1
179,1,397.9,143.4,499.3,937.6,1
179,11,1387.3,437.4,102.1,246.4,1
179,6,884.1,1,410.8,1080,1
180,10,1551.6,383.8,132.2,283.4,1
180,12,1341.2,539.6,70,148.1,1
180,6,875.7,22.5,404.9,1058.5,1
180,1,377.5,149.3,492.9,931.7,1
180,11,1390.1,439,98.7,248.2,1
181,10,1557.4,383,130.9,283.2,1
181,1,352.8,137.4,515.5,943.6,1
181,12,1342.1,537.1,70,150.2,1
181,6,857.9,10.7,410.9,1070.3,1
181,11,1394.2,443.3,95.1,242.2,1
182,10,1561.6,384.6,130.4,273.7,1
182,6,849.3,1,409.7,1080,1
182,12,1342.8,535.7,69.8,151,1
182,11,1392.9,440.7,97.9,246.8,1
182,1,323.1,118.4,532.1,962.6,1
183,10,1565.9,389.2,128.9,274.5,1
183,6,837.7,1,411.7,1080,1
183,12,1344.4,533.8,69.6,156.2,1
183,11,1394,440.3,97.4,246.7,1
183,1,305.4,131.7,503.8,949.3,1
184,10,1572.7,392.2,123.8,269.9,1
184,6,809.6,2.5,434.7,1078.5,1
184,12,1348.6,536.3,68.1,153.4,1
184,11,1395.7,438.8,96.1,245.4,1
184,1,278.3,128.6,508,952.4,1
184,13,1,172.8,287.1,900.4,0.996
184,14,703.6,307.4,170.8,532.1,0.734
185,10,1574.5,385.9,126.3,274.4,1
185,6,800.7,8.2,434.2,1072.8,1
185,11,1396.9,438.9,97.1,248.4,1
185,12,1351.2,538,67.3,149.7,1
185,1,285.2,111.6,500.4,969.4,1
185,13,1,183.8,323.3,847.3,0.998
186,10,1579.7,386.1,128.5,275.1,1
186,6,781.1,1,442.8,1080,1
186,11,1397.2,438.4,98.4,246.6,1
186,12,1353.9,540.8,67.6,147,1
186,1,237,109,523.6,972,0.999
186,13,2.5,178,352.3,867.9,0.997
187,10,1583.9,386,126.4,274.9,1
187,6,767.1,1,444,1080,1
187,11,1397.9,435.9,98.5,249.3,1
187,12,1354.9,540,68.7,147.5,1
187,1,204.2,107.5,531.2,973.5,0.998
187,13,6.4,188.8,319.8,859,0.979
188,10,1588.9,386.6,123.3,274.3,1
188,6,746.3,1,450.5,1080,1
188,11,1399.4,433.5,97,252,1
188,12,1355.8,538.5,69.9,149.2,1
188,1,159.5,97.7,513.9,983.3,1
188,13,26.1,207.1,250.3,780,0.539
189,10,1589.3,386.6,127.3,276.4,1
189,6,728.7,1,466.4,1080,1
189,11,1399.9,435.6,99.9,251.7,1
189,12,1361.3,538.8,66,150.7,1
189,1,88.8,99.6,535.4,981.4,0.999
190,10,1593,391.5,123.8,270.5,1
190,6,700,1,481.7,1080,1
190,11,1400.9,439,98,244.7,1
190,12,1362.4,539.8,67.3,150.6,1
190,1,60.7,106.2,504.6,974.8,1
191,10,1595.4,395.5,123.1,264.6,1
191,6,675.8,1,485,1080,1
191,11,1400.4,435.5,100,248.7,1
191,12,1367.2,539.9,67,152.3,1
191,1,12.1,87.2,512.9,993.8,1
192,10,1597.6,397,122.1,262.1,1
192,6,649,1,490.3,1080,1
192,1,1,89.7,506.5,991.3,1
192,11,1404.5,439.3,97.4,245,1
192,12,1368.9,539.5,68.8,154.9,1
192,9,477.7,397,133.7,414.7,0.998
193,10,1596.9,394.9,129.6,263.6,1
193,6,637.4,1,487.6,1080,1
193,1,1.8,105.2,477.3,975.8,1
193,11,1401.9,437.1,104.8,246.1,1
193,12,1371.3,539.2,69.9,155.7,1
193,9,478.3,395.6,140.5,419.8,1
194,10,1602.5,394.9,130.4,262,1
194,6,610.6,1,485.5,1080,1
194,1,1,81.2,416.2,999.8,0.999
194,12,1373.8,535.8,69.8,157.6,1
194,11,1403.8,435.6,103.6,253.4,0.999
194,9,488.1,390.5,145.4,433.7,0.999
195,10,1605.7,394.6,128.6,264.9,1
195,6,585.2,1,499.5,1080,1
195,12,1375,534,69.7,160.1,1
195,11,1406.5,434.9,104.2,248.7,0.999
195,1,1,62,408,1019,0.997
195,9,496.8,388.8,144.9,430.2,0.995
195,15,1470.4,429.4,96.6,228.8,0.541
196,6,551.6,1,527,1080,1
196,10,1613.8,399.9,116.4,252,1
196,12,1378.9,535.1,70.9,160,1
196,11,1405.1,435.2,105.7,258.6,0.999
196,1,6.5,84.9,391.6,996.1,0.984
196,15,1473.9,424.9,101.2,240.9,0.995
197,6,529.5,1,525.4,1080,1
197,10,1609.7,399.4,124.5,253.1,1
197,12,1381.9,539.1,71.7,154.9,1
197,11,1406.9,440,106.5,244.1,0.999
197,15,1477.9,423.2,102,243.2,0.997
197,1,16.1,102,385.9,979,0.923
197,13,229.2,192.6,325.4,786.8,0.997
198,10,1614.5,393.4,124.4,256.2,1
198,6,502,1,534.8,1080,1
198,12,1388.2,536.5,67.9,156.6,1
198,11,1407.8,436.6,106.3,249.7,1
198,13,227.8,214.4,340.3,770.2,0.996
198,15,1480.7,422.2,102.5,245.3,0.997
198,1,5.4,93.6,351.8,987.4,0.854
199,10,1618.1,393.1,118.5,260.6,1
199,12,1391.5,537.3,67.7,155.1,1
199,6,469.9,1,548.5,1080,1
199,11,1409.3,436.2,109.1,252.7,1
199,15,1494.5,423.5,89.1,239.2,0.999
199,13,255.2,223.6,333.6,765.9,0.998
199,1,10.3,91.6,268.8,989.4,0.518
199,14,923.9,320.2,173,486.2,0.761
200,10,1622.3,388.2,121.3,261.6,1
200,12,1393.5,536.6,66.2,157.6,1
200,6,441,2.6,560.9,1078.4,1
200,11,1410.4,435.7,110,256.4,1
200,15,1496.9,422.6,89.9,241.4,0.998
200,13,276.9,203.7,317,820.4,0.99
200,14,932.1,327.9,189.2,479.6,0.999
201,10,1623.8,392.1,120.3,255.7,1
201,12,1396.1,536.5,66.4,157.5,1
201,6,390.3,1,609,1080,1
201,11,1412.4,434.4,110.4,256.5,1
201,14,934.1,324,220.1,485.2,1
201,15,1502.5,425,87.5,237.9,0.998
201,13,297.4,229,265.7,748.4,0.8
202,10,1630.4,392.5,117.2,256.4,1
202,12,1398.6,535.1,69.1,160.2,1
202,6,381.6,1,593.4,1080,1
202,14,941.6,335.3,226.2,471.2,0.999
202,11,1413.8,433.8,112,260,1
202,15,1511.3,421.6,84.4,238.9,0.999
203,10,1636.3,396.3,116.1,255,1
203,12,1401.6,537.1,68.5,160,1
203,11,1418.2,436.6,107.3,256.5,1
203,6,334.3,1,640.1,1080,1
203,15,1517.6,423.8,82,239,0.999
203,14,936.8,325.9,234.5,477.2,0.999
204,12,1404.9,536.7,68.1,162.4,1
204,10,1638.4,390.6,119.6,259.2,1
204,11,1422.1,437.4,105.8,256.2,1
204,6,289.3,1,645.8,1080,1
204,14,955.7,328.5,220,475.9,1
204,15,1523.3,428.1,81.6,228.5,1
205,10,1640.9,394.8,119.3,255,1
205,12,1407,536.5,68.5,161.2,1
205,14,962.2,323.9,207.1,475.4,1
205,11,1425.4,436.1,104.4,256.4,1
205,6,236.1,1,692.8,1080,1
205,15,1524.2,425.9,89.1,233,1
206,10,1645.9,397.2,118.4,250.9,1
206,12,1410,536.4,69.5,161.7,1
206,11,1429.1,431.8,102.2,261.4,1
206,14,974.2,337.3,201.2,471.8,1
206,15,1526.3,425.1,98.9,230.8,1
206,6,217.5,1,636.4,1080,1
207,10,1644.9,396.3,121.7,253.5,1
207,12,1411.3,535.1,71.1,165,1
207,14,995.3,328,188.1,476.5,1
207,15,1528.7,424.3,106,230.8,1
207,11,1429.2,433.6,106.1,256.1,1
207,6,159,4.4,666.6,1076.6,0.999
207,16,861.2,397.1,181.2,393.2,0.719
208,10,1650.2,400.3,118,246.6,1
208,12,1414.2,534.4,71.3,166.3,1
208,11,1430.2,432.3,105.9,257.2,1
208,15,1530.2,424,109.5,232.2,1
208,14,1003.5,327.2,191,470.3,1
208,6,116.5,1,677.2,1080,0.998
208,16,869.7,401,195.7,389.7,0.998
209,10,1654.4,400.3,116.5,244.6,1
209,12,1417.5,536.3,67.9,166.1,1
209,11,1437.2,430.6,101.4,261.3,1
209,14,1026.4,327.1,179.8,471.7,1
209,15,1538.2,421.5,110.9,236.4,1
209,6,19.7,20.8,762.5,1060.2,0.996
209,16,896.9,396.7,171.1,395.1,0.999
210,10,1657.3,397.8,116.9,252.8,1
210,12,1419.2,536,67.1,166,1
210,15,1547.1,421.9,104.4,235.8,1
210,14,1048.4,334.2,172.7,461.3,1
210,11,1438.6,430.9,103.3,259.9,1
210,16,909.1,411.1,155.2,372.8,1
210,6,4.7,30,704.1,1051,0.998
211,14,1069.3,335.2,175.8,457.3,1
211,11,1443.3,428.5,102.9,267.4,1
211,10,1662.1,394.5,118.3,253,1
211,15,1553.7,423.5,99.6,230.3,1
211,12,1421.7,537.5,69.1,162,1
211,16,924.3,399.7,139.3,384.6,1
211,6,10.9,21.2,609.7,1059.8,1
211,13,488.9,276.7,313.8,613.3,0.859
212,14,1072.5,337.7,190.9,448.4,1
212,10,1667.5,400,111.4,244.8,1
212,12,1425,535.9,66.4,164.6,1
212,11,1444,431.1,105.8,265.7,1
212,15,1556.7,423.9,101.2,234.9,1
212,16,931.8,403,137.4,378.1,0.999
212,6,1,15.3,592.1,1065.7,0.999
212,13,498.7,238.9,314.6,682.2,1
213,14,1084.1,337.5,194.2,447.4,1
213,10,1664.6,394.6,116.1,250.5,1
213,11,1445.6,426,106.4,270.4,1
213,15,1564.9,424.4,99.1,231.2,1
213,13,509.9,253.7,308.7,664.1,1
213,12,1427.4,535.5,66.6,163.4,1
213,16,937.6,401.9,139.7,377.6,1
213,6,1,22.3,546.1,1058.7,0.997
214,10,1670.5,396.8,118,252.5,1
214,14,1093.8,337.2,204.2,446.6,1
214,15,1576.5,420.7,98.2,232.8,1
214,13,522.9,268.2,311.5,642.4,1
214,16,940.9,406.4,148.8,375.4,1
214,11,1450.7,430.5,105.4,262.7,1
214,12,1431.2,537.1,67,165.1,1
214,6,1,36,468.3,1045,0.961
215,14,1097.7,340.2,201.9,444.3,1
215,10,1675.8,399.7,113.5,245.8,1
215,13,529,260.4,316.4,652.6,1
215,15,1586.1,413.8,92.4,237.2,1
215,16,939.6,409.1,160.2,373,1
215,11,1453,430.5,104.9,262.6,1
215,12,1433.7,537.2,65.9,166.6,1
215,6,1,61.5,408.5,1019.5,0.956
216,15,1594.9,420.8,93.2,227.1,1
216,10,1677.1,397.3,111.9,247.6,1
216,14,1112,340.9,194.9,446.1,1
216,16,961.4,410.2,151.7,371.4,1
216,11,1457.3,426.5,105.7,266.3,1
216,13,545.1,265.6,306.4,651.5,1
216,12,1437.8,538.1,64.5,168,1
217,15,1597.7,417.7,97.8,229.2,1
217,14,1115.8,343.9,187.7,447.7,1
217,10,1682.4,403.8,112.9,239.7,1
217,13,539.9,255.2,321.5,650.8,1
217,11,1460.9,428,102.1,269.3,1
217,16,974,412.5,147,368.1,1
217,12,1440.4,537.4,66.2,168.2,1
218,15,1599,416.8,107.4,233.7,1
218,14,1121.8,342,190.3,442.6,1
218,13,562.9,278.8,303.6,623.3,1
218,10,1688.2,403.6,108.2,240.8,1
218,11,1464.1,428.1,101,272.6,1
218,12,1442.9,536.9,68.4,169.2,1
218,16,976.1,417.9,158.4,364,1
219,14,1132.8,347.7,186.5,438.9,1
219,15,1604.3,421.3,115.9,230,1
219,16,994.2,417.4,147.4,352.2,1
219,13,633.3,265,229.4,632,1
219,12,1446.6,538.1,66.5,169.4,1
219,11,1468.7,432.6,98.5,269.5,1
219,10,1685.9,400.4,115.5,249.7,1
216,6,31.225,109.5,394.625,890.65,0.956
217,6,61.45,157.5,380.75,761.8,0.956
218,6,91.675,205.5,366.875,632.95,0.956
219,6,121.9,253.5,353,761.8,0.996
219,17,494.9,288.9,200.6,580.9,0.985
220,14,1143.9,342.8,180.5,436.8,1
220,13,648.5,268.2,225.1,623.7,1
220,15,1605.2,416.3,123.1,237.1,1
220,16,1007.3,409.7,137.9,353.7,1
220,12,1446.4,536.2,69.9,171.8,1
220,11,1470.7,430.4,99.8,268.7,1
220,10,1688.4,404.1,110.7,245.9,0.999
220,6,142.5,278.1,369.9,736.7,1
220,17,503.2,284.9,200.9,583.4,0.997
221,14,1153.9,340,165.5,430.4,1
221,11,1474.8,429.3,102.4,269.4,1
221,13,683.6,267.9,219.4,619.6,1
221,12,1451.7,538.2,67.4,169.4,1
221,15,1609.9,422.6,126.6,230,1
221,16,1023.2,412.1,130.7,354.7,0.999
221,6,154.8,275,387.6,721.6,1
221,10,1690.3,404.1,109.1,240.2,0.997
221,17,511.6,295.2,227.7,582.5,0.999
222,11,1476.8,429,102.1,265.8,1
222,14,1161.8,337,159,446.4,1
222,6,173,300.1,375.3,676.3,1
222,12,1455.2,538.2,66.3,169.7,1
222,15,1609.2,423.3,144.9,231.1,1
222,13,690.4,266.5,246.9,610.4,1
222,16,1035.2,416.4,123.5,344.1,0.999
222,17,526.8,295.2,219.9,570.4,0.998
223,14,1161.9,341.2,155.6,434.3,1
223,12,1459.3,538.3,67.3,170.4,1
223,15,1616.4,423.9,139.3,229.1,1
223,13,701.5,267.7,249.9,603.8,1
223,11,1478.7,428.3,106.8,266.6,1
223,6,175.4,290.6,382.7,688.4,1
223,16,1042.2,417.1,129.2,340.1,0.999
223,17,527.3,290.6,242.7,589,0.999
222,10,1693.45,402.65,107.6,243.6,0.997
223,10,1696.6,401.2,106.1,247,0.72
224,15,1619.9,422.4,138.2,232.4,1
224,12,1460.9,538.1,70.7,170.3,1
224,13,715.3,279,250.4,606.1,1
224,11,1485.3,425.1,109.5,270.3,1
224,14,1169,339.1,150.9,443.3,1
224,6,189.8,277.3,391,701.9,1
224,16,1048.7,416.1,135.4,348.5,1
224,17,544.3,291.3,248,574.1,0.997
224,10,1700.2,402.5,104.4,241.4,0.93
225,15,1632.6,419.4,122.1,233,1
225,13,722.3,275.2,259.1,608.2,1
225,12,1462.4,536.4,73.8,171.6,1
225,11,1487.3,423.8,110.9,270.8,1
225,14,1172.2,342.9,155.5,434.6,1
225,6,212.3,300.6,376.2,688.7,1
225,16,1056.1,413.7,133.4,343,1
225,17,559.9,300.1,229.4,561.1,0.995
225,10,1704.2,399.1,110.8,246.6,0.999
226,13,744.1,275.1,255.3,605.5,1
226,12,1466,535.4,74,173.8,1
226,11,1492.2,425.8,107.9,267.1,1
226,14,1178.3,346.7,161.8,425.4,1
226,6,250.3,295,339.7,685.7,1
226,15,1641.3,422.2,109.3,226.5,0.999
226,16,1061.8,407.3,137.4,355.9,1
226,10,1704.3,396.7,115.3,251.1,1
226,17,575.9,306.8,215.4,559.9,0.993
227,13,752.6,279.7,256.5,595.5,1
227,12,1469.1,534.8,74.2,175.9,1
227,11,1492.1,425.2,113.1,272.5,1
227,14,1186.6,341.1,153.3,426,1
227,6,300.9,296.1,298.8,681.5,1
227,16,1066.2,409.8,143.2,353.1,1
227,10,1707.7,397.6,109.5,249.5,1
227,15,1650.1,420.3,99.2,230.2,0.999
227,17,586.6,300.1,207.9,561.2,0.996
228,13,764.1,280.1,256.9,593.6,1
228,11,1496,424.6,113.3,275.9,1
228,6,338.2,293.6,270.6,686,1
228,12,1472,535.3,75,176.9,1
228,10,1713.4,397.3,103.6,240.7,1
228,14,1191.2,350.3,157.3,418.8,0.999
228,16,1069.1,407.7,149.1,352.1,1
228,15,1664.4,419.7,83.4,233.2,0.999
228,17,608.6,300.8,190.1,554.2,0.998
229,13,787.3,271.9,240.2,587.8,1
229,6,381.6,288.7,249.6,670.6,1
229,11,1499.3,422.4,116.9,280.7,1
229,10,1718.2,393.9,110.3,244.5,0.999
229,12,1477.9,536,74,175.6,1
229,16,1084.8,409.9,138.5,348.9,0.999
229,14,1196.6,345.9,152.3,428.8,1
229,15,1671.5,417.5,85.7,227.9,0.998
229,17,631.3,294,172.4,555.3,0.997
229,18,214.1,300.5,289.1,634.6,0.996
230,13,792.2,275.2,238.7,587.2,1
230,12,1480.9,534.6,73.6,176.3,1
230,6,408.4,287.4,239.5,680.6,1
230,11,1502.7,426.6,117.8,276.1,1
230,14,1208.6,346.4,145,430.3,1
230,16,1088.7,413.7,147.2,341.5,0.999
230,10,1725,394.9,108.7,245.1,0.999
230,15,1682.3,419.1,84.2,223.9,0.996
230,17,646.3,296.2,166.6,560.6,0.999
230,18,252.2,309.7,262.6,615.2,0.998
231,13,819.3,271.4,217.4,577.9,1
231,12,1488.1,532.2,72.3,176.7,1
231,6,428.1,296.1,233.1,656.5,1
231,11,1507.4,424,114.6,274.8,1
231,14,1214.6,348.2,144,426.7,1
231,17,662.9,293.8,172.5,540.4,1
231,16,1099.3,427.5,140.7,325.4,0.999
231,18,302,321.8,192,585.8,0.978
231,15,1686.7,418.8,87.5,229.4,1
232,13,834.4,270.9,212.7,578.8,1
232,6,426.5,293.2,263.7,670.7,1
232,14,1216.5,360.1,148.3,410.6,1
232,12,1493.5,531.6,70,180.2,1
232,15,1688.8,421.4,89.4,231.2,1
232,11,1513.6,420.2,107,280.2,1
232,17,667.7,300.5,192.3,532.1,0.999
232,16,1111.4,415.5,129.4,331.6,1
231,10,1730.55,405.0,103.45,230.2,0.999
232,10,1736.1,415.1,98.2,215.3,0.829
233,13,849.5,270.8,199.9,574.7,1
233,6,441.5,302.4,271.8,647.3,1
233,14,1228.9,359.6,143.3,405.1,1
233,15,1693,419.4,89.1,230.1,1
233,12,1494.3,528.4,74.1,184.8,1
233,11,1514,418.7,105.1,284.5,1
233,16,1121.2,419.5,120.7,323.9,1
233,17,675,294.6,198.9,544.3,0.991
234,13,870,273,184.2,576,1
234,12,1496.8,530.8,80,180.7,1
234,6,461.3,307.7,279,643.5,1
234,16,1134.4,414.5,114.1,330,1
234,14,1242.6,353.3,142,410.3,1
234,15,1695.6,424.3,90.2,222.5,1
234,11,1519.6,428,104,267.8,1
235,13,877.9,274.9,186,564.7,1
235,15,1702.9,422.4,90.6,227,1
235,14,1256.1,354.3,142.3,404.4,1
235,16,1144.3,413.6,111.9,325.6,1
235,6,473.7,312.8,289,640.9,1
235,12,1499.4,530.3,87.4,181.8,1
236,13,886.9,286.4,210.4,563.6,1
236,12,1502.6,531.8,95.9,181.1,1
236,15,1709.4,423.7,90.3,219.9,1
236,6,486.8,315.3,272.1,636.1,1
236,14,1259.6,355.2,148.3,397,1
236,16,1154.6,419.8,103.9,323.6,1
237,12,1506.8,530.7,94.6,182.8,1
237,13,894.4,286.8,219.8,563.4,1
237,15,1710.9,425.6,92.1,218.2,1
237,14,1259.6,362.1,158.9,389.4,1
237,6,507.3,302.9,263.5,645.9,1
237,16,1156.4,413.6,108.7,341.6,1
234,17,685.875,297.475,197.275,529.05,0.991
235,17,696.75,300.35,195.65,513.8,0.991
236,17,707.625,303.225,194.025,498.55,0.991
237,17,718.5,306.1,192.4,513.8,0.519
238,13,905.2,285.8,238.3,571.8,1
238,12,1510.7,531.1,96,183.9,1
238,15,1718.2,420.1,89.6,225.6,1
238,6,528.2,310.4,245.7,628.3,1
238,14,1265.1,359.4,161.1,389.9,1
238,16,1163.9,421.2,107.7,323.5,0.999
239,12,1517.9,534.1,100.7,180.2,1
239,13,914.7,309.6,262.8,547.8,1
239,15,1730.2,421.7,83.2,220.6,1
239,6,553.4,311.9,238.3,610,1
239,14,1276.6,354.8,163.3,398.9,1
239,16,1169.4,420.3,113.3,312.5,1
240,12,1524.2,534,100.4,178.2,1
240,13,922.3,291.8,245.8,566.8,1
240,14,1278.5,356.6,166.6,397.1,1
240,15,1732.3,426.8,83.8,218.3,1
240,6,577.6,297.4,229.7,613.4,1
240,16,1173,422.8,113.7,307.3,1
240,18,480.9,321.2,197.3,572.1,0.746
241,12,1537.6,531.2,95.5,177.4,1
241,13,938.7,295.5,229,549.6,1
241,14,1282.2,358.5,166.6,394,1
241,15,1738.5,419.9,90.3,224.2,1
241,6,614.2,305.3,205.3,616,1
241,16,1178.5,420.6,117.5,318.4,1
241,18,486.8,328,207.7,575.8,0.999
242,12,1540.6,530.8,96.1,180.9,1
242,13,948.7,295,224.6,552.6,1
242,14,1287.1,361.6,165.2,395.2,1
242,15,1742.4,425.3,87.8,216,1
242,16,1184.5,423,118.1,312.6,1
242,6,621.2,303.1,206.1,610.9,1
242,18,498.1,328.1,195.9,560.3,0.993
243,12,1547,530.1,92.5,181.7,1
243,13,958.6,293.4,217.8,543,1
243,14,1292.3,361.3,166.7,391,1
243,6,628.1,312.3,225.1,599.1,1
243,15,1749.9,422.4,84.7,221.4,1
243,16,1190.5,423.2,110.6,311,1
243,18,527.3,324.8,173.7,548.7,0.981
244,12,1554.1,531.6,95.2,179.5,1
244,13,968.4,285.2,214.8,551.7,1
244,15,1751.3,416.7,88.4,222.6,1
244,6,640.2,315.9,232.3,598.1,1
244,14,1300.2,361,163.5,390.2,1
244,16,1198.6,429.1,109.5,296.9,0.999
244,18,559.1,328.5,153.8,537.7,0.832
245,12,1561.2,531,92.6,178.2,1
245,6,649.5,316.4,239.4,598.7,1
245,13,989.6,282.8,197.1,553.4,1
245,14,1304.3,360.3,154.1,386.4,1
245,15,1758.8,420.4,86.5,222,1
245,16,1204.7,417.9,102.4,303.9,0.999
246,12,1576.4,529.2,85.1,181.7,1
246,6,656.6,323.2,258.6,588.8,1
246,13,1001.9,288.6,188.8,535.2,1
246,14,1310.8,351.4,139.7,393.9,1
246,15,1762.9,419.6,88.3,226.7,1
246,16,1208.4,424.5,105.8,307.8,1
246,11,1539.4,419,86.5,278.6,0.999
247,12,1579.2,532.2,86.5,179,1
247,13,1013.6,290.6,192.6,537.5,1
247,6,665.7,325.6,269,579.1,1
247,14,1315.8,363.5,134,378.8,1
247,15,1765.6,421,85.9,219.7,0.999
247,16,1214.8,426.2,104,303,0.999
247,11,1536.7,425,85.6,274.6,0.999
248,14,1316.7,357.1,133.8,379.9,1
248,13,1024.3,289.6,198.1,530.4,1
248,12,1583.3,531.9,85.1,181.7,1
248,6,660.8,327,289.3,570.9,1
248,15,1768.9,421.6,89.3,225.4,1
248,11,1540.9,431.2,88.7,268.6,0.999
248,16,1217.2,424.2,112,305,0.999
249,12,1592.9,534.5,79.3,180,1
249,13,1038.5,299,213,514.4,1
249,14,1324.8,360.8,129,378.3,1
249,15,1770.8,421.8,97.3,217.8,1
249,6,696.2,315.8,273,585.3,1
249,11,1538.4,421.7,91.1,281.3,0.999
249,16,1224.6,431.6,114.6,296.3,0.998
250,13,1048.3,292.1,210.5,530.9,1
250,12,1597.1,534.5,78.1,180.8,1
250,14,1329,360.6,126,374.5,1
250,6,715.8,321.7,266.4,574.2,1
250,15,1773.4,421.5,109.6,225.7,1
250,11,1542.9,420.6,87.6,281.5,0.999
250,16,1232,417.9,110.9,316,0.975
251,13,1055.9,292.9,218,517.7,1
251,12,1601.2,533,81.2,181.3,1
251,15,1776.1,416.5,111.9,223.7,1
251,6,760.3,325.6,224,564.7,1
251,14,1331.4,360.3,128.2,373.7,1
251,11,1543.1,423.7,86.3,278.9,1
252,15,1785.2,419.6,110.6,224.1,1
252,12,1608.1,532.6,78.1,181.2,1
252,13,1062.5,304.5,224.6,519,1
252,6,787.1,320,212,565.2,1
252,14,1335.9,365.4,129.5,373,1
252,11,1543.6,420.4,86.1,282.8,1
252,18,635.9,327.1,237.3,538,0.993
253,12,1612.2,532.5,79.6,182,1
253,13,1074.1,305.8,216.8,514.3,1
253,11,1544.3,424,85.3,277.9,1
253,15,1788,421.3,109.8,221.1,1
253,6,803.9,322.1,201.9,555.3,1
253,14,1341.9,365.5,128.9,377.2,1
253,18,648,330.3,231.3,536.2,0.999
254,12,1618.8,527.4,89.7,187.4,1
254,13,1082.4,307.6,224.4,507.4,1
254,14,1346.5,370.1,127.6,364.2,1
254,11,1544.9,421.4,85.5,280.8,1
254,15,1794.8,423.9,102.6,218.1,1
254,6,827.2,316.2,198.3,563.5,1
254,18,670.6,326.2,228.1,536,0.999
255,12,1620.3,526.6,97.9,188.3,1
255,13,1088.8,308.7,232.5,505.6,1
255,6,838,321.6,204.4,561.8,1
255,11,1543.9,424.3,85.5,281.5,1
255,15,1798.6,426.1,95.9,212.9,1
255,14,1352.1,372.3,122.8,367.8,1
255,18,692.1,328.6,207,529.2,1
256,12,1628.5,526,99.8,189.2,1
256,13,1098.8,305.3,225.1,508.7,1
256,6,847.8,327.1,216.9,557.4,1
256,15,1805.9,424.8,93.4,215.3,1
256,11,1543.4,424.2,87.6,280.2,1
256,14,1355.3,368.5,127,359.1,1
256,18,717.5,329.2,185.3,524.9,0.999
257,12,1636.9,528.4,96.7,192.8,1
257,13,1111.9,302.7,211,513.3,1
257,6,858.2,328.6,219.9,563.1,1
257,11,1543.8,423.8,87.1,281.4,1
257,15,1808.6,426.1,93.4,210.9,1
257,14,1360.2,367.8,129,364.7,1
257,18,729.9,333.9,175.7,508.5,0.997
258,12,1639,525.5,100.1,195.1,1
258,13,1117.5,306.1,201.3,508.5,1
258,6,866.5,316.5,233.8,569.9,1
258,11,1543.4,423,87.2,283.2,1
258,15,1813.3,424,87.6,210.9,1
258,14,1363.9,369.4,128.5,367.4,1
258,18,757.6,337.7,150.6,502.6,0.993
259,12,1650.2,528.5,91.9,191.1,1
259,6,888.2,324.1,221.6,558,1
259,13,1127.4,306.4,197.6,506,1
259,11,1544,422.2,88,283.7,1
259,15,1816.5,422.5,91.7,214.5,1
259,14,1371,369.2,122.6,361.6,1
259,18,766.2,339,164.2,497.6,0.989
260,12,1654.6,526.7,92.4,194.1,1
260,13,1131.1,310.1,194,502.4,1
260,6,892.3,326.7,223.7,555.4,1
260,15,1824.1,423.9,87,212.2,1
260,11,1542.6,420,90.8,286.9,1
260,14,1376.8,368.6,124.3,363.1,1
260,18,784.3,339.4,160.9,504.6,0.998
261,6,917.9,325.1,214,548,1
261,12,1660.1,527.5,88.6,196.7,1
261,11,1543.6,419.9,90.6,286.5,1
261,13,1141.7,310.3,182,489.2,1
261,15,1825.8,417.9,91.3,217,1
261,14,1380.4,365.5,127,367.3,1
261,18,799.2,340.6,164.9,507,0.998
262,12,1668.5,524.5,87.3,196.8,1
262,13,1148.8,308,182.6,495.3,1
262,6,943.9,328.3,196.4,535.8,1
262,11,1546.8,420.6,87.6,284.7,1
262,15,1826.1,415.5,92.8,223.8,1
262,14,1388.1,368.6,125.1,357.8,1
262,18,809.5,348.1,178.3,500.4,0.999
263,12,1674.2,521.8,86.5,197.5,1
263,6,958.9,337.9,192.9,516.4,1
263,14,1393.1,363.5,123.3,367.1,1
263,13,1157,311.8,180.8,493.9,1
263,11,1546.3,420.3,88.7,283.1,1
263,15,1827.8,421.3,91.5,220.3,1
263,18,816.7,349.7,186.9,492.4,0.999
264,12,1680,522.7,87.9,197.6,1
264,6,979,335.6,188.6,522.6,1
264,13,1167.3,312.9,183.4,486.8,1
264,14,1395,367.7,132.6,358.2,1
264,15,1828.6,423.1,90.7,213.3,1
264,11,1544.6,415.6,91,293.8,1
264,18,820.8,359.3,199.9,480.4,0.999
265,12,1684.7,523.7,88.4,197.1,1
265,14,1397.9,368.8,134.2,356.8,1
265,13,1173.9,316.5,186.3,484.8,1
265,6,989.8,322.9,187.1,528.5,1
265,11,1545.1,416.5,93.9,286.6,1
265,15,1830.6,421.6,88.9,215,1
265,18,829.8,345.5,196.8,494.4,0.999
266,12,1686.3,523.7,93.2,198.6,1
266,13,1186.1,319.9,184.4,479.8,1
266,6,984.5,332,200.4,523.6,1
266,14,1406.1,373,130.9,347.2,1
266,11,1549.5,418.9,92.4,287.5,1
266,15,1834,423.3,87,212.4,1
266,18,835.9,357.5,192.4,480.3,0.999
267,12,1691.6,525,93.2,198.2,1
267,6,1006.4,331.3,209.5,518,1
267,13,1195.4,325.4,179.6,466.3,1
267,14,1407.2,374.5,134.6,347.9,1
267,11,1549.5,416.7,92.2,288.8,1
267,15,1837.7,424.6,83.3,214.5,1
267,18,857.3,354.1,180.9,496.9,1
268,12,1695,527.7,92.8,195.4,1
268,6,1016.8,334.2,213.2,516.6,1
268,13,1199.6,326,178.8,467.2,1
268,15,1839.2,420.3,81.8,222.1,1
268,14,1414.3,376.1,132.8,344.5,1
268,11,1547.9,420.6,92.7,278.1,1
268,18,872.4,353.5,179.5,473.9,0.999
269,12,1701.6,528.9,93,198.3,1
269,6,1029.7,336,221.2,509.2,1
269,13,1206.3,322.4,173.8,468.4,1
269,11,1548.1,423.9,92.7,280.8,1
269,15,1843.6,427.5,77.4,212,1
269,14,1418.8,380.4,127.7,341.5,1
269,18,881.3,354,168.5,469.6,1
270,12,1705.6,530.6,93.1,197,1
270,6,1035.4,340.7,217.5,503.8,1
270,14,1422,381.3,125.7,338.7,1
270,11,1549.1,423.6,93,282.4,1
270,18,895.9,351.4,163.1,470.6,0.999
270,13,1207.1,320.1,173.1,463,1
270,15,1846,426.9,75,212.5,1
271,12,1709.2,530.6,93.5,194.4,1
271,6,1042.6,341.6,222.1,492.7,1
271,11,1547.2,419,94.2,285.4,1
271,14,1423.9,379.6,126.2,336.9,1
271,13,1218.8,320.8,171,465.6,1
271,15,1847.4,420.5,73.6,216.4,0.999
271,18,910.7,348.1,158.3,469.1,1
272,12,1710.3,525,102.5,197.8,1
272,6,1053.3,337.4,224.3,506.5,1
272,14,1429.7,374.5,117.5,341.7,1
272,18,925.6,344.5,163.4,483.2,0.999
272,13,1225.5,320.4,176.5,463.9,1
272,11,1550.2,424.5,97.5,282,1
272,15,1845.2,418.6,75.8,216.8,1
273,12,1713.2,526.4,107.9,198.1,1
273,6,1075.5,334.3,209.9,504.4,1
273,14,1435.2,371.4,110.3,342.9,1
273,13,1231.4,316.1,182.3,468.6,1
273,11,1552.5,427.2,100.3,283.2,1
273,15,1850.4,423,70.6,211.2,0.999
273,18,934.1,348.3,171.1,471,1
274,12,1718.9,529.8,100.7,199.4,1
274,6,1086.2,339.5,201.2,498.8,1
274,14,1443.3,375.5,108.9,344.6,1
274,18,940.1,356,182.6,464.4,1
274,11,1553.9,426.1,103.5,279.6,1
274,13,1236.1,316,188.8,466,1
274,15,1852.4,424.7,68.6,212.5,0.999
275,12,1724.2,531.3,99.7,198.6,1
275,6,1104.4,331.5,187.7,504.9,1
275,14,1450.5,376.2,105,336.2,1
275,11,1555.4,427.6,101.2,277.3,1
275,13,1250.9,319.8,185.5,454.9,1
275,18,956,354.5,183.5,462.7,1
275,15,1852.1,422.7,68.9,215,0.999
276,12,1726.1,532.6,101.5,200.1,1
276,6,1119.2,342.1,182.3,495.6,1
276,13,1255.3,321.8,189.1,457.5,1
276,18,961.5,356.2,186.7,460,1
276,11,1561.6,425.4,94.6,278.8,1
276,14,1453,373.9,103.1,342.8,0.999
276,15,1856.8,422.3,64.2,213.7,0.997
277,12,1727.8,527.7,100.3,206.2,1
277,6,1138.4,334.2,181.1,494.3,1
277,13,1256.5,319.4,201.9,464.9,1
277,18,965.8,358.4,191.6,455,1
277,11,1560.5,432.2,106.8,275.2,1
277,14,1456.4,376.3,108.5,330.3,1
277,15,1859.7,421.7,61.3,215.9,0.997
278,12,1727.4,525.6,99.4,207.7,1
278,18,984.4,365.8,175.9,444.5,1
278,13,1269.5,319.3,185.8,464.1,1
278,6,1139.9,338.3,185,492.8,1
278,11,1557.6,430.3,114.1,282.9,1
278,14,1457.7,378.4,111.8,326.8,1
278,15,1861.1,423.1,59.9,217.6,0.982
279,12,1725.8,525.4,100.8,208.7,1
279,18,983.8,357.5,182.7,451.7,1
279,11,1561,428.2,113.9,281.8,1
279,6,1157.8,330,173.5,492.5,1
279,13,1279.5,329.7,183.7,441.4,0.999
279,14,1459.4,381.5,115.4,324.4,0.999
279,15,1864.2,424.7,56.8,214.1,0.996
280,12,1724.4,527.2,99.9,206.3,1
280,18,994.9,354.5,170.4,453.8,1
280,11,1561.4,432.2,115.1,276.9,1
280,6,1154.5,327,188.8,504.6,1
280,14,1465.8,382.9,115,318.7,0.999
280,13,1275.6,330.5,194.1,444.9,0.998
280,15,1864.4,424.3,56.6,212.6,0.996
281,12,1721.7,526.3,101.8,204.2,1
281,11,1569.8,443.1,113.1,264,1
281,18,998.4,354.2,167.5,448.4,1
281,6,1162.2,336.6,200,493.5,1
281,14,1470.4,384.5,113.5,319.9,0.997
281,13,1285.3,328.3,191.5,437.7,0.999
281,15,1868.1,420.1,52.9,216.5,0.945
282,12,1718.2,525.9,105.7,209,1
282,11,1571.9,451.9,115,252.9,1
282,6,1182.1,344.1,195.5,485.6,1
282,18,1019,354.6,154.1,438.7,1
282,13,1307.2,335.3,167.4,432.6,0.935
282,14,1471.2,384.5,113.3,322.3,0.999
282,15,1871,419.2,50,213.5,0.96
283,12,1716.3,524,108.7,211.3,1
283,18,1025.9,357.4,152.9,435.1,1
283,11,1571.2,454.8,114,251.9,1
283,6,1188.6,344.4,197,486.1,1
283,14,1476.1,385.6,112.7,316.8,0.999
283,15,1871.1,418.3,49.9,214.5,0.975
284,12,1713.8,522.2,106.7,213.4,1
284,11,1574.9,458.5,112.8,245.8,1
284,18,1036,359.7,155,433.9,1
284,6,1201.3,347.8,191.4,476.3,1
284,14,1479.2,388.3,116.1,312.3,1
284,15,1872.1,418.1,48.9,215.7,0.944
285,12,1709.6,524.9,111.2,210.9,1
285,11,1576.2,460.3,117.6,242.8,1
285,6,1210.3,347.8,188.5,480.1,1
285,18,1038.4,363.1,164.9,429.6,1
285,14,1483.5,384,114.7,319.3,1
285,15,1874.4,416,46.6,219.3,0.829
286,12,1707,525.3,109.5,212.2,1
286,6,1218.7,346.3,190.6,476.7,1
286,18,1051,360.3,163.4,430.6,1
286,11,1578.8,469.7,117.6,233.6,1
286,14,1488.8,381.6,118.3,323.4,1
287,12,1703.4,524.4,114.2,211.6,1
287,6,1234.6,350.3,189.5,462.2,1
287,18,1058.4,362.7,165.4,431.4,1
287,11,1577.3,472,119.2,235.1,1
287,14,1500,381.1,110.3,319.4,1
288,12,1698.2,523.6,118.5,212.5,1
288,6,1241.7,348.4,188.1,465,1
288,18,1058,358.7,179.6,436.3,1
288,11,1582.1,480.3,115.3,224.7,1
288,14,1502.2,381.8,111,323.5,1
289,12,1696.8,524.7,117.4,210.3,1
289,6,1253.2,345.6,185.8,466.2,1
289,11,1585.4,483.9,112.3,217.7,1
289,18,1067.5,370.9,175.6,422.1,1
289,14,1507.4,381.1,115,323.4,0.999
290,12,1697.6,525.7,113.3,207.5,1
290,6,1264.7,343.2,184.8,462.2,1
290,18,1070.2,359.5,175.7,433.7,1
290,11,1585.7,494.5,113.8,209.1,1
290,14,1511.9,381,114,324.3,0.999
291,12,1698.6,522.1,113,212,1
291,6,1275.6,347.3,185.9,462.8,1
291,18,1074.5,359.8,168.8,436,1
291,11,1585.4,494.6,115.4,207.1,1
291,14,1516.3,385.8,108.8,314.9,1
292,12,1697.6,521.3,112,218.5,1
292,11,1593.3,497.3,111.3,208,1
292,6,1289.7,349.9,180.1,458,1
292,18,1076.3,373.9,163.9,423.4,1
292,14,1522.9,384,114.3,314.8,0.999
293,12,1697.2,526.4,112.8,210,1
293,18,1077.6,365.8,159.6,429.2,1
293,6,1293.7,352.1,185.5,451,1
293,11,1592.8,499.6,111.8,208.6,1
293,14,1527.1,382.9,115.7,312.7,0.999
294,12,1690.9,524.1,116.2,214.2,1
294,18,1090.2,366.4,147.1,421.2,1
294,6,1300.4,355.5,187.9,438.9,1
294,11,1592.8,506.8,113.2,201.5,1
294,14,1535.5,393.3,132.2,303.4,0.995
294,15,1882,425.3,39,186.6,0.809
295,18,1090.1,365.7,149.4,414,1
295,12,1695.1,523.3,113.3,208.3,1
295,11,1585.1,502.2,122.4,205.8,1
295,6,1308.3,363.6,186.3,433.5,1
295,15,1881.6,424.8,39.4,192.1,0.932
296,12,1694.8,525.5,109.9,207.7,1
296,11,1589,509.6,120.6,193.7,1
296,6,1316.7,362.3,188.5,434.8,1
296,18,1094.7,370.3,152.9,410.6,1
296,15,1881.5,425.7,39.5,192.7,0.958
295,14,1542.85,395.7,120.3,298.0,0.995
296,14,1550.2,398.1,108.4,292.6,0.72
296,13,1220.2,352.5,130.6,404.7,0.816
297,12,1693.6,522.1,108.7,214.3,1
297,11,1587.7,516,121.2,187.1,1
297,18,1111.1,369.9,136.1,404.3,1
297,6,1331.9,356.8,183,438.4,1
297,15,1881.1,425.1,39.9,197.8,0.967
297,13,1226.6,356.4,140.4,400.7,0.981
298,12,1691.2,523.4,109.5,211.8,1
298,11,1588.4,515.2,120.6,190.2,1
298,6,1339.9,355.4,180.6,436.5,1
298,18,1111.5,369.4,142.1,406.4,1
298,13,1236.7,350.4,136,404.9,0.996
298,15,1881.4,424.3,39.6,199.8,0.972
299,11,1587.8,514.1,122,191,1
299,12,1697.5,523.8,100.5,212.3,1
299,6,1352.5,358.4,176.7,430.7,1
299,18,1120.5,368.2,140.2,409.9,1
299,13,1238.9,358.2,143.9,390.5,0.998
299,15,1882,422.3,39,197.3,0.975
300,11,1592.2,511.3,116.7,192.7,1
300,12,1698,523.6,101.3,208.7,1
300,6,1352.4,356.1,182.3,437.9,1
300,18,1126.7,370.7,140.5,407.2,1
300,13,1241.7,356.5,146.2,391.5,0.998
300,15,1881.5,422.2,39.5,196.2,0.971
301,11,1594,517.3,114.9,183.4,1
301,6,1359.7,351.9,176.4,443.7,1
301,12,1697.4,523.1,99.2,211.2,1
301,18,1133.4,373.1,141.6,398.9,1
301,13,1257.7,350,127.5,396.5,0.993
301,15,1881.9,423.6,39.1,195.4,0.947
302,11,1591,509.5,116.4,192.4,1
302,6,1365,352.1,176.7,438.3,1
302,12,1697.8,525.1,99.2,206.3,1
302,18,1139.6,373.3,148.2,394.8,1
302,13,1256.7,359.8,114.4,381.2,0.996
302,15,1880.7,427.2,40.3,187.3,0.932
303,6,1369.5,350.7,175,432.7,1
303,11,1592.1,506,115.1,195.5,1
303,12,1698,525.6,100,206.3,1
303,18,1140.6,370.9,154.8,403.8,1
303,15,1881.5,428.8,39.5,186.2,0.814
304,11,1589.6,505.2,119.7,196.5,1
304,6,1373.9,351.9,174.7,426.4,1
304,12,1698.4,526.7,100,206.2,1
304,18,1154.5,368.4,150.1,397.8,1
304,15,1881.4,430.6,39.6,188.3,0.868
305,11,1590.1,508.9,120.5,200.2,1
305,6,1375,353.2,178.5,428.5,1
305,12,1700.4,525.4,98.8,208.8,1
305,18,1154.8,374.3,145.3,397.8,1
305,15,1880.9,431.1,40.1,192.4,0.821
303,13,1262.56666667,358.233333333,113.233333333,386.6,0.996
304,13,1268.43333333,356.666666667,112.066666667,392.0,0.996
305,13,1274.3,355.1,110.9,392,0.983
306,6,1379.4,357.1,173.9,423.6,1
306,11,1589.2,498.4,118.7,205.3,1
306,12,1701.9,524.1,99.1,208.4,1
306,18,1156.8,370.9,142.5,398.6,1
306,13,1276.6,351.4,117,393.5,0.988
306,15,1881.5,431.3,39.5,195.6,0.781
307,11,1585.3,498.6,123.2,205.3,1
307,6,1386.1,361.5,171.5,423.1,1
307,12,1696.7,522.3,101.3,210.7,1
307,18,1165,372.4,140.3,391.4,1
307,13,1284.9,354.5,114.3,388.3,0.99
308,6,1388.6,368.2,171,419.3,1
308,11,1589.8,495,116.1,214.5,1
308,12,1697.4,523.2,97.5,211.6,1
308,18,1165.4,375.8,132.6,393.1,1
308,13,1290.8,357.3,112.9,385.8,0.998
309,6,1394.2,361.2,175.4,423.1,1
309,11,1584.2,487.9,121.9,219.4,1
309,12,1695,525,98.6,208,1
309,18,1170.2,377.6,136.2,385,1
309,13,1290,361,115.6,379.1,0.999
310,6,1400,363.1,172.1,415.3,1
310,12,1694.3,524.3,98.9,209,1
310,11,1586.2,491.9,116.8,214.7,1
310,18,1174.3,377.4,134,384.6,1
310,13,1295.7,358.9,112.1,386.4,0.999
311,11,1585.7,481.4,115.9,227.3,1
311,6,1412.6,371.1,166.5,401.8,1
311,12,1695.8,525.1,97.5,206.8,1
311,18,1174.9,377.8,135.1,375.4,1
311,13,1296.8,363.5,113.5,376.3,0.997
312,12,1694.6,523.8,97.6,208.3,1
312,6,1412.1,365.3,167.3,410.4,1
312,11,1586.6,479.2,116.4,227.3,1
312,18,1174.1,376.3,140.7,382.8,1
312,13,1298.1,358.5,118.9,374.5,0.997
313,6,1412.2,364.1,164.7,409.9,1
313,11,1588,474.6,108.3,232.6,1
313,18,1177.3,382.8,145.5,376.7,1
313,12,1694,526,98.7,206.4,1
313,13,1303.3,355.9,118.3,379.3,0.997
314,12,1689.2,522.3,103.5,211.1,1
314,18,1178.3,380.3,151.5,374.5,1
314,6,1417.6,358.6,162,418.7,1
314,11,1586.8,473.2,109.3,233.7,1
314,13,1305.2,368.6,114,369.5,0.998
315,12,1691,526.3,98.1,207.3,1
315,11,1587.2,472.5,107.1,233.2,1
315,18,1182.4,384.7,147.4,368.7,1
315,6,1416.2,361.9,163.9,411.1,1
315,13,1306.3,365,117.5,371.8,0.982
316,12,1690.7,526.9,99.4,206.2,1
316,18,1184.7,384.8,146.2,371.4,1
316,11,1586,466.2,110.2,239.8,1
316,6,1408.2,360.4,171.3,410.6,1
316,13,1309.4,365.9,121.3,368.3,0.995
317,12,1688.2,526.1,101.3,204.4,1
317,18,1189.7,382,148.1,370,1
317,11,1584.8,460.4,111.7,249.4,1
317,6,1422.9,365.1,164,407.3,1
317,13,1309.3,370.6,124.5,356.8,0.993
318,12,1685,523.5,102.5,210.2,1
318,11,1583.9,461.7,108.4,251.3,1
318,18,1192.6,379.8,148.9,375.3,1
318,6,1422.5,372.6,163.9,394.3,1
318,13,1309.1,362.4,125.8,366.3,0.999
319,12,1683.9,524.1,102.9,207.6,1
319,11,1581,451.7,110.6,255.8,1
319,6,1429.8,362.5,164.2,405.3,1
319,18,1197.5,384.3,149.9,368,1
319,13,1314.1,363.2,127.7,364.6,0.988
320,12,1679.4,520.9,103.2,214.4,1
320,6,1434.5,379.1,166.9,390.9,1
320,18,1200.8,386.6,148.7,365.7,1
320,11,1585.8,451.6,103.4,255.4,1
320,13,1318.9,366.3,121.8,367.3,0.963
321,12,1679.3,525.1,105.9,209.6,1
321,11,1588,448.1,102.3,262.1,1
321,6,1442.5,365.9,162.2,399.6,1
321,18,1207.5,386.9,146.2,369.3,1
321,13,1316,369.9,124.4,352.9,0.88
322,12,1674.5,523.5,107.3,215.8,1
322,11,1584.5,452.8,106.8,252.4,1
322,18,1213.8,384,147.4,371.1,1
322,6,1452.9,364.9,155.1,402.3,1
323,12,1672.2,527,112.3,209.7,1
323,18,1219.4,385.4,145.7,367.2,1
323,6,1453.3,365.2,155.4,398.2,1
323,11,1586.1,436.7,102.2,268.9,1
324,12,1669.5,526.2,112.5,209.3,1
324,18,1229.7,384.7,141.8,362.2,1
324,6,1442.7,367.3,169.3,394.7,1
324,11,1587.5,436,101.7,277,0.999
325,12,1668.6,525.8,112.9,208.5,1
325,18,1230.3,382.7,145.7,360.3,1
325,6,1440,365.2,170.7,384,1
325,11,1587.8,432.9,103,277.9,0.999
326,12,1669.2,526.6,113.7,203.2,1
326,6,1438.8,365.9,174.1,383.1,1
326,18,1236.4,382,142.5,359.1,1
326,11,1590.7,427.5,106.3,281.1,0.999
327,12,1668.4,522.6,109.9,210.3,1
327,6,1441.2,375.8,172.4,377.8,1
327,18,1241.5,382.6,138.4,358.2,1
327,11,1594.1,420.6,100.8,279.3,0.999
327,19,1168.6,408.1,122,309,0.927
328,12,1669,523.1,107.4,210.5,1
328,18,1242.8,383.2,141.2,357.8,1
328,6,1442.9,374.5,168.5,380.6,1
328,11,1593.9,419.8,98.9,288.6,1
328,19,1162.6,401.6,129.3,322.1,0.905
329,12,1669.9,527.3,106.2,202.6,1
329,6,1447.5,372.5,160.8,379.7,1
329,18,1247.5,384.2,138.2,356.8,1
329,11,1596.5,411.9,97.1,297.7,1
329,19,1155.3,401,136.8,323.5,0.997
330,12,1672.8,525.9,102.3,202.7,1
330,6,1449.7,372.1,157.6,379.4,1
330,11,1599.4,408.8,95.8,301.6,1
330,18,1251.5,383.9,141.3,355.8,1
330,19,1151.4,401.2,142,320.2,1
331,12,1672.4,526.8,101.9,204.3,1
331,6,1448.8,382.5,155.2,372.1,1
331,11,1602.8,410.1,91.2,293.6,1
331,18,1257.2,387.1,140.9,351.9,1
331,19,1150.5,400.7,145,321.8,1
332,6,1450,384.6,150,367.7,1
332,12,1675.3,527.8,96.1,205,1
332,18,1264.1,395.9,139.7,348.3,1
332,11,1603.5,407.8,97.3,302.5,1
332,19,1149,398.9,145.1,322.1,1
332,20,1705.8,403,94.1,263.3,0.997
333,12,1677.5,527.4,92.4,206.7,1
333,6,1449.1,383.7,150.3,366.8,1
333,19,1150.9,391.3,141.3,340.5,1
333,18,1268.5,385.8,138.7,353.6,1
333,11,1604.2,407.4,103.6,299.6,1
333,20,1705.1,402.3,101.4,264.3,0.999
334,12,1678.3,529.2,92.6,206.6,1
334,6,1448.5,378.9,147.2,369.3,1
334,18,1271.2,397.4,141.7,328.7,1
334,19,1149.8,390.9,140.8,343.8,1
334,11,1610.5,405.7,111,286.4,0.999
334,20,1713.2,397.4,98.2,266.6,0.999
335,12,1680.8,531,88.7,204.2,1
335,6,1448.3,381.1,147.8,364.7,1
335,18,1280.1,396.1,136.1,338,1
335,19,1148.2,392.2,140.9,343.3,1
335,11,1607.4,407.1,113,284.9,0.999
335,20,1722.4,401.9,80.4,260.9,0.998
336,12,1681.8,529.7,87.7,203.9,1
336,6,1447.6,381.4,150.5,363.3,1
336,18,1283.5,397,135,338.1,1
336,19,1144.9,400.9,145.3,320.6,1
336,11,1611.1,405.2,116.4,296.9,0.998
336,20,1723.8,406.1,90.2,260.3,0.999
337,12,1683.7,525.4,83.5,206.9,1
337,6,1445.9,377,147.9,367,1
337,19,1143.2,400.8,143.4,325.2,1
337,18,1291.1,398.6,132.3,331.1,1
337,20,1726.8,403,93.9,262,0.998
337,11,1612,397.8,130.8,305.5,0.997
338,6,1445.9,383.6,148.3,361.9,1
338,19,1141.7,402.4,145.5,321.9,1
338,12,1684.9,529.1,82.6,203,1
338,18,1295.2,396.4,133.6,338.1,1
338,20,1728.2,406.4,87.7,255,0.994
338,11,1614.7,398.4,128.8,306.9,0.999
339,19,1144,392.6,144.4,347.4,1
339,6,1445.1,383.7,147.1,363.6,1
339,12,1682.7,525,86.2,206.6,1
339,18,1301.3,393.9,134.8,338.1,1
339,11,1616,403.7,144.3,304.7,0.999
339,20,1732.8,401.5,88.6,272.7,0.998
340,19,1144.7,391.7,144,348.2,1
340,12,1681.6,526.4,88.7,204.7,1
340,6,1445.2,380.6,147.8,362.1,1
340,18,1302.6,395.1,133.7,337.4,1
340,11,1614.2,406.1,142.7,305.8,0.976
340,20,1737.4,401.7,97.6,262.7,0.999
341,19,1143.2,399.5,144.3,326.8,1
341,12,1680.9,531,89,198.7,1
341,18,1310.7,399.1,126.4,331.9,1
341,6,1446.2,380.5,145,361.1,1
341,20,1737.9,402.8,108.4,261.4,0.999
342,19,1141.9,387.7,145.6,352.6,1
342,12,1678.9,524.3,90.4,205.4,1
342,18,1313.5,394.7,133,331.3,1
342,6,1447.2,384,148.4,360.1,1
342,20,1742.7,406.6,114,250.6,0.999
343,19,1140.6,385.6,146.4,355.3,1
343,18,1316.5,390.1,136.5,336.2,1
343,6,1450.1,389.9,147.7,346.9,1
343,20,1749.7,403.8,108.9,257.4,0.998
341,11,1634.06666667,443.3,126.333333333,258.45,0.976
342,11,1653.93333333,480.5,109.966666667,211.1,0.976
343,11,1673.8,517.7,93.6,211.1,1
344,11,1673.6,507.5,99.4,218.6,1
344,19,1138.5,383.9,144.9,357.6,1
344,6,1453.9,390.4,145,344.8,1
344,18,1318.6,392,138,331.5,1
344,20,1750.3,403.4,99.9,256.7,0.998
345,19,1138.9,381.8,145.2,361.6,1
345,6,1454.4,389.5,142.7,345.9,1
345,18,1327.6,401.4,135.5,315.9,1
345,11,1679.5,523.2,91.3,203.7,1
345,20,1753.7,403.4,96.9,260.4,0.991
346,19,1135.4,386,145.4,361.6,1
346,18,1330.9,396.8,135.6,328.6,1
346,11,1678.1,520.6,89.8,208.8,1
346,6,1454.7,388.8,146.4,347.3,1
346,20,1751,399.9,101.8,263.5,0.95
347,19,1132.8,383.4,150.6,363.9,1
347,18,1335.7,398.9,133.8,325.5,1
347,11,1678.3,526.2,88.4,205.1,1
347,6,1458.7,395.9,145.2,335,1
347,20,1754.9,399.1,97.7,264.8,0.73
348,19,1126.2,389.1,154.8,362.1,1
348,11,1674.6,528.1,93.3,204.8,1
348,18,1341.5,400.4,131.2,322.6,1
348,6,1461.3,391.2,146.5,342.1,1
348,20,1752.7,405.3,102.7,258.7,0.735
349,11,1677.7,529.2,88.6,201.3,1
349,19,1128.1,385.3,152.5,365.9,1
349,18,1347.3,403.7,129.9,320,1
349,6,1464,393.3,146,340.1,1
349,20,1755.8,401.9,99.9,259.8,0.9
350,11,1678.1,529.4,89.5,202.5,1
350,19,1128.8,384.1,150.1,370.4,1
350,18,1354.8,407.3,128.5,321.9,1
350,6,1463.4,394.5,145.6,332.2,1
350,20,1761.1,406.4,100.6,255.2,0.984
350,12,1692.8,398.2,117.2,290.4,0.879
351,11,1678,525.3,88.3,206.8,1
351,6,1466.4,395.7,144,330.5,1
351,19,1126.9,382.9,150,372.3,1
351,18,1359.1,407.8,129.6,322,1
351,20,1765.1,405.1,90.9,250.7,0.726
351,12,1698.4,399.8,112.9,295,0.918
351,21,1629.2,443.4,68.1,226.4,0.635
352,11,1678,525.4,90.5,205,1
352,6,1468.4,392.9,148,326.1,1
352,19,1124.2,388.4,151.9,360.2,1
352,18,1362.9,406.6,129.2,313.3,1
353,19,1119.4,377.4,158.1,379.5,1
353,6,1473.8,393.1,141.7,330.5,1
353,11,1674.5,530.3,91.2,200.3,1
353,18,1367.4,411.8,127.6,300.8,1
352,12,1698.0,395.7,113.45,308.65,0.918
353,12,1697.6,391.6,114,322.3,1
354,19,1119.8,381.7,151.9,366.7,1
354,6,1478.5,393.3,137.2,326.2,1
354,11,1673.2,530.6,91.2,202.1,1
354,18,1373.2,407.6,127.7,299.2,1
354,12,1701.3,390.5,110.1,320.7,1
355,19,1113.2,372.2,161,385.6,1
355,11,1675.1,525.6,92.3,208.5,1
355,6,1483.4,393.8,139,322.9,1
355,18,1375.9,406,128.6,300,1
355,12,1710.8,383.4,107.8,341.1,0.999
356,19,1112.1,372.6,159.1,382.7,1
356,6,1486.7,396.7,135.9,321.8,1
356,18,1379,405.1,127.7,304,1
356,11,1675.2,524.6,93.7,209,1
356,12,1712,387.3,107.8,326.9,1
357,19,1109.7,370.2,160.2,388.1,1
357,18,1387.7,414.4,126.7,303.1,1
357,11,1677.9,527.2,91.3,207.3,1
357,6,1489.5,388.4,133.6,331.5,1
357,12,1716.9,387.5,108.3,330.1,0.999
358,19,1107.2,371.1,161.2,387.8,1
358,18,1390.9,413.4,129.8,303.7,1
358,11,1681.8,525.2,90.6,210.6,1
358,6,1491,401.9,134.8,310.5,1
358,12,1719.7,390.8,110.2,323.1,0.999
359,19,1105.4,370.5,160.1,389,1
359,11,1684.5,526.1,91.7,209.6,1
359,18,1393.6,406,130,310.9,1
359,6,1491.6,398.8,133.4,322.7,1
359,12,1723.1,387,107.4,326.4,0.999
360,19,1102.6,368.2,161.8,394.9,1
360,11,1690.5,526.8,95.9,211,1
360,6,1497.7,398.8,133.6,324.3,1
360,18,1399.5,407.1,130.1,312.5,1
360,12,1727,388.1,106.8,321.7,0.999
361,19,1102.3,370,161.8,392.6,1
361,11,1693.5,528.4,104.4,209.8,1
361,6,1500.1,397.7,134.6,323.5,1
361,18,1405,408.8,126.4,308,1
361,12,1731,388.1,105.4,310.4,0.999
362,19,1100.5,370.5,162.5,392.7,1
362,11,1702.3,521,102.8,213.8,1
362,6,1509,398.4,131.3,315.7,1
362,18,1408.7,407.7,128.3,307.1,1
362,12,1740.3,390.8,104.8,321.7,0.998
363,19,1099.9,371.7,163.6,393.2,1
363,11,1707.4,520.6,105.6,215.4,1
363,6,1510.5,397,135.7,314.2,1
363,18,1415.9,413.6,125.8,291.6,1
364,19,1099.3,371.7,164.4,395.3,1
364,11,1713.2,520.1,103.8,217.8,1
364,6,1517,395.1,133.2,313.1,1
364,18,1419.1,409.4,129.5,298.6,1
365,19,1098.4,367.9,162.3,403.5,1
365,6,1521.7,398.5,133.1,317.3,1
365,11,1719.8,519.7,106.5,218.7,1
365,18,1422.4,406.9,129.8,307.5,1
365,22,4.2,223.8,171.1,757.6,0.906
366,19,1097.3,367.1,165,404.8,1
366,11,1726.4,519.5,109.8,219.7,1
366,6,1528.1,399.7,131.2,310.5,1
366,18,1426.9,408,127.6,299.8,1
366,22,1,206.7,190.9,788.8,0.998
367,11,1727.2,520.7,122.1,223.2,1
367,19,1100.4,357.6,159.2,416.7,1
367,6,1537,402.4,128.8,314.2,1
367,18,1425.2,408.3,127.2,298.7,1
367,22,1.5,211.4,195.5,796.2,1
368,11,1742.4,526.2,110,217.1,1
368,19,1097.4,357,160.5,419.3,1
368,6,1538.1,410.4,133,305.4,1
368,22,7.7,243.4,187.1,755.2,1
368,18,1425.7,405.6,124,300.6,1
369,11,1748.5,521.8,110.9,221.4,1
369,19,1095,356.8,161.8,418.5,1
369,6,1543.2,407.5,130.8,307.9,1
369,22,14.5,242.5,247,749.9,1
369,18,1433,405.7,126.2,296.7,1
370,19,1090.9,361.4,161.3,425.4,1
370,11,1757.5,519.2,113.1,224.7,1
370,6,1545.5,406.4,133,298.9,1
370,18,1441.2,408.2,125.7,293,1
370,22,22.9,247.2,290.5,744.8,1
371,19,1087,360,162.4,428.6,1
371,11,1766.3,521.4,110.7,217.3,1
371,22,35.1,249.6,338.1,738.1,1
371,6,1553.8,399.9,133.6,309.5,1
371,18,1447,411,121.5,291.5,1
372,11,1779,521.6,105.5,222.8,1
372,19,1082.2,356.6,163.6,429.5,1
372,6,1560.8,404.4,128.3,307.6,1
372,22,34,251.7,395.7,732.6,1
372,18,1454.6,409.6,121.4,293.2,1
373,19,1078.6,358.7,163,428.8,1
373,11,1791.9,521.1,98.1,221.7,1
373,22,46,261.7,399,715.5,1
373,18,1452.8,407.4,123.4,299.5,1
373,6,1568.4,406.2,129.1,301.3,1
373,12,1688.4,432.6,106.7,230.6,0.993
374,22,42.4,271.8,421,705,1
374,18,1459.3,412.3,122.3,287.7,1
374,19,1073.7,360.5,166.7,429.3,1
374,11,1799.7,515.1,102.9,229.8,1
374,6,1572.2,408.5,130.4,300.3,1
374,12,1691.8,425.9,102.5,236.1,0.99
375,22,61.8,266.8,418.7,691.5,1
375,19,1070.3,361,166.2,430.5,1
375,11,1810,521.9,99.9,219,1
375,18,1464.7,415.2,121.8,287.5,1
375,6,1580.4,406.3,129.5,301,1
375,12,1695.5,425.4,93.9,234.2,0.996
376,11,1819.1,523.8,96.7,216.4,1
376,22,78.6,272.5,413.6,671.9,1
376,18,1467.7,415,122.8,287,1
376,19,1067.6,359.2,168,434,1
376,6,1585.9,406.1,127.6,298.2,1
376,12,1703.3,422.4,87.6,236.7,0.998
377,19,1057.6,361,172.7,433.6,1
377,18,1473.1,415.6,121.2,277.9,1
377,11,1820.2,529.5,100.8,222.6,1
377,6,1590.6,403.4,128.8,291.6,1
377,22,137.7,277,360.5,671.8,1
378,18,1477.2,414.8,120.9,280.5,1
378,6,1597.5,405.1,126.2,294.9,1
378,19,1052.9,365.2,167.6,434,1
378,22,180.9,275.6,315.7,675.9,1
378,11,1821.7,521.2,99.3,226.3,1
379,18,1479.1,413.3,121,280.9,1
379,19,1048.5,359.6,170.3,436.2,1
379,11,1833.8,525.2,87.2,219.7,1
379,6,1599.1,402.9,125.5,292.8,1
379,22,218.3,280.3,273.2,660.4,1
380,19,1039.8,354.4,172.6,445,1
380,18,1483.3,411.8,118.3,279.9,1
380,22,260.5,265.5,238.7,661.4,1
380,11,1847.2,529.7,73.8,225.2,0.998
380,6,1604,409.3,124.9,290,1
381,19,1035.6,346.3,180.1,453.4,1
381,18,1488.9,410.8,116.3,278.2,1
381,6,1602.9,407.8,130.8,292.9,1
381,22,296.1,280.9,206,648.8,1
381,11,1858.6,531.2,62.4,220.2,0.995
382,19,1030,340.3,180.5,462.9,1
382,6,1608.1,408.9,128.4,292,1
382,18,1491.5,409.5,120.7,280,1
382,22,325.4,279.1,207.9,641.9,1
382,12,1840.2,369.5,80.8,362.9,0.927
383,19,1023.3,338.8,184.3,466.8,1
383,22,336.7,285.5,210.3,633.9,1
383,18,1493,409.2,124.6,284.1,1
383,6,1611.2,407.7,129.8,291.9,1
383,12,1841.8,365.6,79.2,374.6,0.865
384,19,1024.5,348.1,177.9,462.4,1
384,6,1617.2,410.7,127.2,287.1,1
384,22,343.1,283,231.5,634.2,1
384,18,1501.8,409.6,118.6,278.3,1
384,12,1848.1,369.4,72.9,366.2,0.8
384,23,1784.4,455.3,69.2,189.5,0.987
385,19,1016.3,347.7,178.9,463.9,1
385,6,1621,409.9,126.5,287.4,1
385,22,367.1,295.1,246.8,622.1,1
385,18,1505.6,414,116.6,272.5,1
385,23,1789.6,450.7,66.3,193.7,0.999
386,19,1006.6,349.1,192.7,463.7,1
386,6,1624.6,408.3,124.6,289.5,1
386,18,1511.8,416.5,114,268.9,1
386,22,370.5,293.6,259,613.7,1
386,23,1792.3,449.5,65.5,191.8,1
387,19,1005.3,348,186.3,474.5,1
387,6,1631.7,402.8,123.7,292.4,1
387,22,380,294.7,273.4,612.7,1
387,18,1514.5,419.1,112.3,268.4,1
387,23,1795.1,449.3,65,190.2,1
388,19,998.3,341.6,195,482.8,1
388,18,1514.6,417.7,113.7,270.9,1
388,6,1636.5,409.9,125.1,286.2,1
388,22,380,299.6,287.8,609.4,1
388,23,1799,449.5,63.9,190.6,0.999
388,24,1161.7,459.3,63,193,0.962
389,19,993.9,348.9,190.8,473.2,1
389,18,1517.9,415.5,116.3,275.7,1
389,6,1638.5,405,127,289.8,1
389,22,390.7,300.1,300.8,609.9,1
389,23,1800.8,449.5,65.4,190.3,0.999
389,24,1159,459.8,65.4,192.3,0.988
390,19,978.9,346.8,205.3,481.9,1
390,18,1521.5,414.6,116.7,274.1,1
390,22,424.2,295.2,270.2,618.8,1
390,6,1640.9,406.4,129.1,289.9,1
390,23,1804.7,453.3,64.7,184.6,1
390,24,1163.6,460.7,65.4,189.3,0.998
391,19,977.9,339.1,202.8,491.2,1
391,18,1525.3,415.4,114.8,271.6,1
391,22,444.8,303.7,256.6,602.7,1
391,6,1644,415,125.2,279.8,1
391,23,1806.9,453.7,64.3,182.7,1
391,24,1168.4,459.3,64.3,192.6,0.999
392,19,962.4,334.2,214.4,491.2,1
392,18,1530.3,416,114.3,267.4,1
392,6,1648.4,412.2,124.3,283.8,1
392,22,486.6,298.9,221.4,585.4,1
392,23,1808.9,454.9,64.5,182.8,1
392,24,1172.4,453.2,64.7,200.1,1
393,19,958,329.3,212.2,503.4,1
393,18,1535.3,417.1,113.7,263.1,1
393,22,502.6,295.7,210.6,586,1
393,6,1650,414.4,123,280.5,1
393,23,1810.2,453,63.6,186.3,1
393,24,1176.4,453.2,63.9,199.4,0.999
394,19,951.8,327.5,213.4,501.4,1
394,6,1653.8,410.8,123.5,288.6,1
394,18,1540.7,411,113.2,268.3,1
394,22,527.4,296,194.2,576.5,1
394,23,1810.6,451.7,64.8,187.7,1
394,24,1181.8,455.4,62.7,195.7,1
395,19,942.4,328.7,209.5,500.7,1
395,22,551.6,307.5,178.8,559.5,1
395,6,1659.5,412.4,122.2,278.2,1
395,18,1545.1,412.8,112.5,270.5,1
395,23,1812.6,453.8,63.9,184.2,1
395,24,1185.2,453.1,61.2,198.4,1
396,6,1660.4,411.2,122.9,280.5,1
396,19,940.5,328.1,206.6,499.5,1
396,18,1549.9,414.7,113.6,269.2,1
396,22,565.5,306.1,189.6,555,1
396,24,1190,458.1,61,194.9,1
396,23,1814.9,453.4,62.3,185.3,1
397,19,926.7,323.6,215.2,513.4,1
397,18,1554,417.5,113.7,264.1,1
397,6,1665.5,415,122.1,275.1,1
397,24,1193,454.9,62.8,196.3,1
397,22,577.3,307.4,220.9,553.9,1
397,23,1821.4,453.6,58.2,185.9,1
398,19,917.1,316.6,217.9,526.2,1
398,18,1557,417.8,110.7,263.2,1
398,6,1671.8,414,120.9,280.5,1
398,22,586.8,318.3,235,536.4,1
398,24,1196.6,455.4,64.2,193.8,1
398,23,1823.6,454.2,56.8,184.1,1
399,19,907.4,326.7,223.7,518.7,1
399,18,1558.3,418.3,113.1,263.8,1
399,6,1678.1,410.2,121,282.1,1
399,22,589.7,327.2,259.7,525.6,1
399,24,1201,456.2,65,193.4,1
399,23,1823,455.2,59.2,184,1
400,19,900.4,324.8,221.1,526.4,1
400,22,605.3,328.4,253.2,523.7,1
400,18,1565.2,418.4,109.4,264.5,1
400,6,1685.1,410.6,121,277.5,1
400,24,1204.1,453.8,64.5,196.5,1
400,23,1825.3,454.2,61.8,184.8,1
401,19,894.2,326.2,222.5,530.7,1
401,18,1567.3,417.8,112,265,1
401,6,1689.3,411.7,123.2,275.8,1
401,22,608.2,327.2,248.3,526.2,1
401,24,1207.8,455,64.7,195.3,1
401,23,1828.5,455.9,58.9,181,1
402,19,882.8,320.9,230.9,535.1,1
402,6,1691.3,411.6,122.6,274.8,1
402,18,1573.6,421.1,107.4,252.6,1
402,22,620.6,324.2,242.8,526.4,1
402,24,1213.4,453.6,62.9,195.5,1
402,23,1829,456,60.4,183.4,0.999
403,18,1576.3,419,107.5,253.4,1
403,6,1691.8,411,122,275.3,1
403,19,879.7,311.6,223.9,542.6,1
403,24,1216.4,452.6,64.1,196.3,1
403,22,627.7,329.8,239.8,514.8,1
403,23,1828.9,458,61.1,180.3,0.999
404,18,1578.2,417.6,106.3,254.6,1
404,6,1690.9,414.7,124.5,268.3,1
404,19,869.2,315.9,228.2,543.5,1
404,22,647.4,323.5,225.1,524.8,1
404,24,1220.5,452.2,62.7,197.8,1
404,23,1829.5,454.1,62.6,184.6,0.999
405,19,857.5,309,235.3,543.5,1
405,18,1583.1,415.6,105.3,257.5,1
405,24,1225.1,452.9,61.3,194.8,1
405,6,1696.1,410.6,120,272.5,1
405,22,664.3,324.5,214.3,521.9,1
405,23,1834.4,451.9,62.7,181.6,0.999
406,19,856.5,299.3,222,552.6,1
406,24,1228.5,453,60.9,194.2,1
406,22,691.7,330.3,188.5,500.7,1
406,18,1588.2,417.4,108.5,257.3,1
406,6,1696.3,414.4,123.2,268.7,1
406,23,1839.1,454.9,59.2,177,1
407,19,848.2,302.8,221.1,550,1
407,22,722.7,322.7,158.1,511,1
407,18,1591.5,415.7,111.5,258.3,1
407,24,1234.7,453.2,62.1,194.4,1
407,6,1699.9,414.1,121.4,272.6,1
407,23,1840.3,454.9,60.6,176.7,1
408,19,831.4,308.6,228.6,564.5,1
408,6,1705.4,416.1,114.5,266.7,1
408,24,1236.4,452.4,63,197,1
408,18,1596,417.2,110.3,257.1,1
408,22,743.3,319.2,146,503.4,0.998
408,23,1842.7,454.8,59.2,177.4,1
409,6,1706.2,415.2,120.3,268.1,1
409,19,830,301.4,231.3,568.2,1
409,24,1238.1,452.2,63.4,196.3,1
409,18,1601.9,422,108,249.9,1
409,23,1844.5,447.2,59.2,187.2,0.999
410,6,1710.4,410.7,121.4,268.3,1
410,19,809.8,309.3,241.4,566,1
410,18,1609.3,423.3,103.5,249.7,1
410,24,1242.9,453.1,64.7,197.4,1
411,19,805,307.3,236.5,574.5,1
411,6,1709.9,411.7,124.9,266.4,1
411,24,1248.1,454.6,62.1,195.8,1
411,18,1610.1,422.9,102.9,247.9,1
412,18,1616.1,423.4,102.9,246.5,1
412,19,787.2,307,243.6,567.9,1
412,6,1716.5,410.5,118.2,266.6,1
412,24,1249.9,452.8,65.3,198.9,1
413,18,1620.4,419.6,102.6,253.6,1
413,19,781.7,291.7,239.3,595.2,1
413,6,1720.6,410.6,119.2,271.2,1
413,24,1254.7,453,62.8,198.7,1
414,6,1722.6,411.7,118.9,269.4,1
414,19,774.7,287.7,235.8,593.7,1
414,24,1259.3,455.3,61.6,194.7,1
414,18,1624.5,417.6,101.9,255.2,1
415,19,767.3,287.8,231.8,607.6,1
415,24,1262.9,453.5,63.6,195.4,1
415,18,1627.2,417.6,101.6,252,1
415,6,1725.1,414.5,122.5,266.6,1
416,19,755,290.4,245,598.7,1
416,18,1633.2,419.7,101.6,249.7,1
416,6,1730.8,421.4,114.2,253.8,1
416,24,1264.8,454.4,65.1,194.5,1
417,19,740.6,280.5,253.1,619.6,1
417,18,1636.5,418.5,102.4,250.9,1
417,24,1268.5,455.5,64.4,194.9,1
417,6,1731.1,419.5,118.8,259.1,1
418,19,729.6,275.8,249,625.2,1
418,18,1636.9,414.5,101.5,257.6,1
418,6,1736.5,421.1,115.9,255.4,1
418,24,1274.3,455,63.1,195.7,1
419,19,725.5,277.8,249.9,618.9,1
419,6,1737.7,419.4,121,257.5,1
419,18,1643.3,419.1,100.2,249.2,1
419,24,1279.7,453.2,62.4,196.2,1
420,19,708.6,285.1,258.1,613.8,1
420,18,1648.1,422.1,102.9,243.6,1
420,24,1283.2,451.9,64.5,198.1,1
420,6,1745.5,420.3,115.2,257.7,1
421,18,1653.1,423.6,101.2,243.4,1
421,24,1285.5,450.3,64.4,201.3,1
421,6,1749.4,419.4,114.7,259.1,1
421,19,706.9,274.2,251,628.5,1
421,22,912.9,354.1,118.3,424.9,0.75
422,19,683.9,268.1,260.8,651.6,1
422,6,1751.1,417.4,121,250.7,1
422,18,1655.9,424.1,101.5,242.2,1
422,24,1291.7,450.3,62.1,200.7,1
422,22,911.3,343.3,141.9,441.2,0.999
423,19,671.9,263.5,262.1,664.2,1
423,6,1755.1,419.5,117.5,248.9,1
423,18,1658,418.9,98.4,251.1,1
423,24,1295.2,450.6,62.5,201.6,1
423,22,914.7,339.6,147,451.7,1
424,19,660.9,285.4,268,648.4,1
424,18,1663.9,422.6,96.6,249.3,1
424,22,919.7,345.7,159.7,445.8,1
424,6,1758.8,415.3,114.2,250.6,1
424,24,1298.5,452.3,62,200.5,1
425,19,650.1,277,265.4,660.8,1
425,18,1671.8,429.1,95.1,237.5,1
425,22,927.8,353.1,168.1,436.5,1
425,6,1762.7,416.9,117.3,251.6,1
425,24,1303.5,454.9,62.1,194.6,1
426,22,937.2,355.2,168.2,432.9,1
426,18,1672.7,422.8,98.1,243.9,1
426,19,636.8,275.2,277.3,657.3,1
426,24,1304.1,451.9,65.4,195.9,1
426,6,1763.2,419.4,118.3,242.3,1
427,19,627.8,267.5,275.8,661.6,1
427,22,936.6,364,175.8,424.7,1
427,18,1675.6,424.5,96.8,239.7,1
427,24,1312.8,453.5,61.2,195.1,1
427,6,1767.9,418.3,118.4,248,1
428,22,944.1,360.9,176.5,426.3,1
428,19,608.4,262,274.9,682.7,1
428,18,1680.5,422.6,97.9,240.5,1
428,24,1314.8,452.9,63.7,195.6,1
428,6,1773.7,419.2,113.2,248,1
428,25,1152.4,474.5,64.8,173.6,1
429,19,599.6,258.5,282.3,689.1,1
429,18,1684.5,419,97.9,245,1
429,22,962.9,366,162.2,416.6,1
429,6,1778.7,422.2,113.2,248,1
429,24,1317.4,452.3,64,196.3,1
429,25,1157.1,474.7,62.3,168.7,1
430,19,589.2,247.2,268,702.2,1
430,22,969,361.2,167.8,414,1
430,18,1686.7,425.7,99.8,235,1
430,25,1161.9,473,63.7,169.1,1
430,6,1778.7,422,115.3,247.1,1
430,24,1321.7,450.6,65.8,195.5,1
431,22,984.9,359.6,155.3,416,1
431,19,569,242,277.9,712.9,1
431,18,1691.9,424.3,95.8,232.1,1
431,25,1166.6,474.2,65,167,1
431,6,1781.5,421.7,118.4,245.9,1
431,24,1326.5,451.1,65.7,196.4,0.999
432,22,993.9,359.3,151.4,415.8,1
432,19,556.5,238.1,283.4,712.4,1
432,25,1170.8,473.3,65.4,166.5,1
432,18,1701,423.9,95,237.6,1
432,6,1789.4,425.5,112.5,241.4,1
432,24,1329.2,450.8,65.8,199.2,1
433,22,1007.8,357.9,146.1,417.9,1
433,25,1171.8,473.2,68.3,170,1
433,19,548.8,233.6,267.7,727.5,1
433,6,1789.5,422.8,117.4,242.2,1
433,24,1332.7,448.3,67.7,200,1
433,18,1702.3,425.8,100.6,234.2,1
434,22,1019.8,356,145.3,414.3,1
434,25,1176.3,473.5,68,169.2,1
434,19,537.6,229.1,271.4,740.6,1
434,6,1791.8,422,116.2,243.3,1
434,24,1336.2,449.2,63.3,197.2,1
434,18,1706.1,425.4,96.6,233.4,1
435,6,1801.2,411.4,108,256.8,1
435,25,1183.6,472.8,64.3,168,1
435,19,516.1,239,276.3,727,1
435,22,1034,355.7,139.8,413.3,1
435,24,1341.6,449.9,63.4,196.6,1
435,18,1714.9,424.4,90.9,233.9,1
436,22,1039.8,362.5,138.8,407.3,1
436,19,501.6,257.9,290.2,720.1,1
436,25,1187.3,470,64.1,168.5,1
436,6,1807.8,415.5,105.4,253.8,1
436,24,1345.6,449,63.1,193,1
436,18,1716.9,421.9,92.7,236.6,1
437,22,1039.8,366.5,148.1,400.8,1
437,19,489.7,244.1,269.7,738.5,1
437,24,1349.2,449.3,63.2,195.9,1
437,25,1189.9,466.9,68.9,173.4,1
437,6,1810.6,417.1,102.8,248,1
437,18,1719,421.7,89.2,231.4,1
438,19,471.9,242.2,275.8,740.9,1
438,24,1353.9,450.5,65.8,197.3,1
438,22,1051.1,368.5,144.9,398.6,1
438,18,1728.4,421,88.7,237.1,1
438,25,1193.4,466.9,68,180.6,1
438,6,1808.1,414.6,112.8,249.9,0.999
439,19,452.3,237.7,287.7,751,1
439,22,1054.6,364.1,149.4,400.3,1
439,24,1356.8,452,65.2,195.4,1
439,25,1199.9,468.7,63.8,176,1
439,18,1729.6,419.8,88.7,237.8,1
439,6,1806.4,419.4,108.7,243.5,1
440,19,441.5,223.3,299.4,783.9,1
440,22,1060.5,362.7,153,412.7,1
440,6,1832.3,405.1,88.7,264.8,0.747
440,25,1205.5,467.6,65.6,180.5,1
440,24,1361,450.9,61.5,199,1
440,18,1733.3,422.7,92.4,235,1
440,26,1,286,158.6,626.3,0.9
441,22,1066.1,372.9,155.6,388.7,1
441,19,419.5,231.8,294.2,787.3,1
441,25,1209.9,467.6,64.8,179.1,1
441,18,1734.3,424.6,93.8,232.1,1
441,24,1363.8,453,65.8,196,1
441,26,1,264.9,190,679.6,0.989
441,6,1853.2,381.9,67.8,300.4,0.679
442,19,403.7,227.8,303.6,788.4,1
442,22,1072.7,375.7,157,392.4,1
442,18,1736.1,423.6,94.9,231.9,1
442,25,1212.8,469.7,63.3,173.7,1
442,24,1364.5,451,66.9,197.2,1
442,26,1,275.2,214,660.2,0.999
442,6,1849.3,385.9,71.7,294.4,0.933
443,22,1092.1,371.3,145.1,384.5,1
443,18,1743.9,424.8,96.8,229.5,1
443,19,397.1,197.8,291.2,805.6,1
443,24,1370.7,451.1,65.8,196.6,1
443,25,1213.2,471.9,67.3,170.4,0.999
443,26,1,265.4,237.1,680.7,1
443,6,1847,388.6,74,290.9,0.999
444,22,1102.8,374.6,133.8,381.9,1
444,19,384.3,226.7,286,795,1
444,18,1748,425.7,93.5,229.5,1
444,24,1375.6,450.9,62.8,192.4,1
444,26,1.7,284.1,252.1,663.1,1
444,6,1842.8,388.3,78.2,288.9,0.999
444,25,1219.8,468.7,66.2,176.9,0.999
445,19,348.2,225.6,311.8,796.3,1
445,22,1115.5,367,133.1,384.9,1
445,26,1,277.8,275.5,670.5,1
445,24,1382.5,455.1,62.2,190,1
445,18,1754.6,425.3,85.9,234.7,1
445,6,1831.4,383.1,89.6,291.3,0.999
445,25,1226.1,472.2,62.8,170.5,0.998
446,19,317.8,216.6,328.1,810.8,1
446,22,1129.4,373.7,121.5,373.6,1
446,24,1384.9,454.3,62.3,193.1,1
446,26,1,284.2,277.9,663.1,1
446,18,1757.3,428.2,90.7,231.3,0.999
446,6,1823.7,387.3,97.3,294.2,0.999
446,25,1228.3,469.2,64.1,174,0.994
447,19,293.2,201.4,350.8,822.4,1
447,22,1133.2,365.2,126.2,379.2,1
447,26,3.8,281.3,293.1,659.2,1
447,24,1387.1,450.5,63.3,197.1,1
447,18,1748.2,431.7,97.3,225.8,0.943
447,6,1809.2,388.9,111.8,291.8,0.999
447,25,1230.1,475.5,58,155.6,0.692
448,22,1144.2,374.9,126.4,373.6,1
448,26,1,274.3,281.4,665.4,1
448,24,1391.2,452.8,63.2,193.9,1
448,19,261.4,208.1,383.5,835.7,1
448,6,1781.5,388.8,139.5,286.4,0.999
448,18,1720.1,414.4,77.8,231.2,0.994
449,22,1147.7,377.4,136.2,370.2,1
449,19,232.5,214.7,394.6,832,1
449,26,1,293.4,279.9,633,0.999
449,24,1395.3,452.5,65.1,195.2,1
449,6,1776.1,391.2,144.9,280.4,0.999
449,18,1720.2,411.7,85.3,236.6,0.985
450,22,1152.2,372.5,146.5,375.2,1
450,19,220.1,200,365.4,850.9,1
450,24,1401.2,451.9,61.9,193.9,1
450,26,1.6,290.9,284.2,670.1,1
450,6,1769.4,401,151.1,280.6,1
451,19,214.7,182.7,366.9,866.1,1
451,24,1404,450.3,63.7,195.2,1
451,26,4.4,268.4,281.6,663.7,0.999
451,22,1156.4,382.5,157.1,362.7,1
451,6,1766.8,390.6,140.9,288.4,1
452,22,1160.8,382.4,165,365,1
452,24,1408,450.1,62.9,196,1
452,6,1763.7,396,137,291.9,1
452,19,194.9,190.9,363.9,858.4,1
452,26,30.3,275.7,260.6,686.3,0.999
453,22,1168.9,381.3,167,367.3,1
453,6,1758.2,393.5,134.5,287.6,1
453,24,1413.9,449.1,63.8,193.1,1
453,19,170.8,180.6,375.3,879,1
453,26,60.9,263.1,215.7,663.4,0.769
454,22,1180.4,381.1,157.7,365.7,1
454,19,172.3,179.5,346.5,887.2,1
454,6,1751.9,388.7,129.6,294.4,1
454,24,1415.8,450.6,63.9,196.2,1
455,22,1191.4,383.8,149.9,359,1
455,19,144.2,176.6,353.4,904.4,1
455,24,1419.8,448.5,66,201.9,1
455,18,1744.1,386.7,122.9,295.4,1
456,22,1201.3,385,143.2,351.7,1
456,19,118.4,175.8,359.2,905.2,1
456,24,1422.7,450.5,64.8,194.5,1
456,18,1733.6,393.3,114.9,286.5,1
455,6,1780.0,390.0,121.25,289.6,1
456,6,1808.1,391.3,112.9,284.8,0.898
457,22,1218.7,378.2,131.4,360.1,1
457,19,77.1,158,375.4,923,1
457,24,1427.5,448.3,64.8,195.4,1
457,18,1725.4,391.9,114.3,282.5,0.999
457,6,1806.8,391.5,114.2,285,0.987
458,22,1229,378.3,126.3,358.3,1
458,19,42.4,160.6,374.1,920.4,1
458,24,1431.1,449.1,64.3,194.9,1
458,18,1717.6,395.3,106.9,284.6,0.999
458,6,1793.7,389.6,122.8,290.1,0.997
459,19,18.6,156.8,385.5,924.2,1
459,22,1231.1,375.8,126.5,366.9,1
459,24,1435.5,446.3,68.1,201.3,1
459,18,1707.7,395.2,110.8,286.4,1
459,6,1787.2,394,108.6,282.9,0.994
460,22,1238.7,374,131.5,353.9,1
460,19,10.5,154.2,376.1,926.8,1
460,24,1438.7,447.8,65.5,193.6,1
460,18,1691.9,390,118.3,295.6,1
460,6,1783.7,395.1,98.8,283.6,0.995
461,22,1247.7,372.8,131.3,361.3,1
461,19,4.6,155,360.7,926,1
461,18,1676.8,398.3,138.7,277.3,1
461,24,1441.4,447.1,66.9,200.2,1
461,6,1764.6,396.2,109.2,273.9,0.551
462,22,1259.8,380.4,128.6,358.1,1
462,19,1,139,348.2,942,1
462,24,1445.6,448.4,67,199.8,1
462,18,1670,403.9,143.1,281.6,1
463,22,1268.5,387,120.9,339.7,1
463,19,1,154,326.8,927,1
463,24,1450.9,451.8,64.9,195.8,1
463,18,1655.6,406.4,153.3,277.5,1
463,26,214,284,244.4,620.2,0.541
464,22,1271,376,129.2,349.2,1
464,24,1456.2,450.4,66.8,199.2,1
464,19,1,139.3,300.2,941.7,0.999
464,18,1647.7,402.4,147.5,280.3,1
464,26,186.3,295.3,296.1,607.1,0.996
462,6,1778.06666667,405.566666667,101.333333333,252.2,0.551
463,6,1791.53333333,414.933333333,93.4666666667,230.5,0.551
464,6,1805,424.3,85.6,230.5,0.866
465,22,1288.7,390.4,121.6,338.7,1
465,24,1463.6,455.1,63.9,192.1,1
465,18,1646,401.7,147.5,275.5,0.999
465,19,7,153.1,239.8,927.9,0.895
465,26,207.8,306.4,272.8,580.8,1
465,6,1807.5,425.4,79.5,228.4,0.992
466,22,1291.9,394.1,126.1,330.9,1
466,24,1467,459.6,62.2,186.8,1
466,26,219.1,295.7,263,607.6,1
466,18,1641.6,407.3,140.5,278.1,1
466,6,1808.9,424.9,81.1,227.3,0.993
466,19,1.1,111.3,236.6,969.7,0.52
467,22,1293.9,387.9,126.2,334.2,1
467,24,1466,459.3,65.9,186.8,1
467,26,232.4,304.4,263.2,604.8,1
467,18,1637.1,405.5,130.9,274.9,0.999
467,6,1808.1,423.6,83.3,229.9,0.987
468,22,1300.5,385.2,128.7,336.1,1
468,26,263.7,300.9,231.6,604.8,1
468,24,1472.3,454.1,66.3,196,1
468,18,1634.9,405.2,116.9,265.6,0.997
468,6,1813.1,423.2,76.9,232.1,0.981
468,27,1702.9,394.5,136.1,283.1,0.995
469,22,1306.9,382.7,123.5,339.8,1
469,26,274.9,302.7,228.6,590.9,1
469,24,1474,451.9,72.5,198.2,1
469,18,1631.5,403.2,104.7,272.6,0.978
469,27,1681.9,398.2,161.4,281.2,0.999
469,6,1811.1,426.3,80.7,220.8,0.966
470,22,1316.7,383.9,122,338.8,1
470,26,302.7,302.4,204.8,584.9,1
470,24,1477.7,448.8,83.5,203.2,0.999
470,27,1681.8,396,159.2,283.6,0.999
470,18,1624.5,400.9,99.9,277.9,0.999
470,6,1816.3,428.4,74.3,217,0.978
471,26,309.8,298.3,221.3,574.1,1
471,22,1322.9,383.6,125.2,335.1,1
471,24,1481.7,450.2,87.6,199.9,1
471,27,1685.1,397.6,145,282.6,0.999
471,18,1614.9,411.4,97.2,267.1,0.997
471,6,1813.5,431.1,80.8,213.5,0.998
471,28,1153.7,464.6,54.5,189.6,0.975
472,26,318.4,307,222.7,584.3,1
472,22,1326.1,380.8,132.7,342.1,1
472,24,1486.9,451.1,96.1,200.7,1
472,27,1669.6,399.2,150.4,274.1,1
472,6,1820.5,429.3,75.3,213,1
472,18,1609.9,408,92.3,266.1,0.995
472,28,1151.1,463.9,62,187.5,1
473,22,1335.6,383,128.6,336.7,1
473,26,328.1,294,237,583.7,1
473,28,1152.6,462.2,71.8,187.5,1
473,24,1491.4,446.2,104.1,207.2,1
473,27,1673.9,395.4,122.7,279.4,1
473,6,1821.9,430.6,76.6,215.1,1
473,18,1601.6,414.9,97.2,265.2,0.999
474,22,1340.4,378.3,128.6,339.1,1
474,28,1153.2,460.4,76.9,190.1,1
474,27,1666.9,401.2,119.4,275.8,1
474,26,331.7,301.7,253.3,576.9,1
474,6,1821.8,432.2,76.7,211.4,1
474,24,1495.7,444.7,103.2,210.3,1
474,18,1595.5,403.4,101.2,275,0.999
475,22,1350.3,380.9,131.4,333.9,1
475,26,352.5,303.4,266.5,573.5,1
475,28,1154.8,462.5,84.6,187.2,1
475,6,1821.6,430.5,78.8,214.3,1
475,27,1658.7,396.6,112.8,285.5,0.999
475,24,1500.5,445.8,104.9,212.5,0.998
475,18,1577.9,411.9,113.2,273.3,0.996
476,22,1356.8,386.9,137,330.8,1
476,6,1822.2,427.4,79.7,217.1,1
476,26,359.9,302.9,273.8,574.2,1
476,28,1159.1,463,85.8,186.4,1
476,27,1649.4,396.8,110.3,279.8,1
476,24,1506.6,448.2,93,205,0.993
476,18,1562.9,408.8,132.4,270.6,0.993
477,22,1364.2,388,135.7,327.8,1
477,26,368.3,297.9,272.5,570.9,1
477,6,1826.1,428.8,76.6,212.9,1
477,28,1164,461.5,89.6,189,1
477,27,1645.7,400.7,108.2,278.2,0.999
477,18,1557,406.1,135.4,268.5,0.997
478,28,1168.8,461.8,91,187.2,1
478,26,372.5,302.7,276.6,568.9,1
478,22,1368.3,393.3,134.3,319.7,1
478,6,1828.7,427.4,73,213.7,1
478,27,1632,404.5,117.3,275.8,0.998
478,18,1541.2,409,146.7,259.6,0.999
479,28,1173.9,458.7,89.1,190.6,1
479,26,380.3,302.9,267.3,569,1
479,22,1370.4,391.9,134.8,321.1,1
479,6,1831.4,426.6,73.8,215.9,1
479,18,1544.4,412.5,130.2,264.9,0.997
479,27,1625.7,406,114.1,275.3,0.999
480,28,1183.3,458.2,85.2,189.1,1
480,22,1380.2,391.1,129.3,322.1,1
480,26,392.5,312,253.8,554.9,1
480,6,1832.3,430.6,77.6,210.2,1
480,27,1615.2,404.2,117.4,276.5,1
480,18,1546.3,421.8,120.6,251.8,0.975
481,28,1186.9,458,84.2,189.6,1
481,22,1385.6,390.5,129.4,323.4,1
481,26,406.7,309.9,246.6,551.2,1
481,6,1835,429.2,74.5,215.7,1
481,27,1607.9,403.4,121.8,276.7,1
481,18,1543.1,419.8,112.3,249,0.915
482,28,1191.7,459,82.7,191.2,1
482,22,1388.2,389.9,126.2,325,1
482,26,401.2,310.2,251.9,556.9,1
482,6,1836.1,431.4,74,210.1,1
482,27,1600.4,414.3,126.6,267.1,0.999
482,18,1538,415.6,105.5,261.1,0.98
483,28,1200.3,457.6,76.7,193.6,1
483,22,1398.4,388.9,116,324.9,1
483,26,422.3,303.9,234.1,555.8,1
483,6,1837.9,433.1,74.4,208.7,1
483,27,1592.5,408.8,130.8,268.1,1
483,18,1533.7,411.5,98.4,263.8,0.975
484,28,1203.6,457.5,76.9,191.9,1
484,22,1406,387,112.5,325.8,1
484,26,426.3,308.9,231.8,546.9,1
484,6,1837.5,435,73.9,202.2,0.999
484,27,1588.5,406.6,125.8,269.6,1
484,18,1527.3,417.4,100.9,257.2,0.995
485,28,1207.6,455.1,83.6,195.3,1
485,26,442.7,308.2,222.9,538.4,1
485,22,1412.8,392.1,108.5,316.7,1
485,27,1583.9,414,116.2,266.9,1
485,6,1800.8,419.5,81,217.8,0.999
485,18,1517.4,411.3,102.3,263.6,0.984
485,19,1,200.8,238.8,816.2,0.961
486,28,1208.8,454.3,88.6,195.9,1
486,26,453.8,317.6,222.8,540.6,1
486,22,1417.4,387.6,109.7,322.9,1
486,27,1576,411,115.9,267.8,1
486,6,1798.7,421.5,80.7,214.6,0.999
486,18,1515.9,417.6,91.8,252.9,0.883
486,19,1.8,211,251.5,807.5,0.998
487,28,1214.1,459.6,86.5,193.3,1
487,26,462.4,319.5,202.4,531.7,1
487,22,1419.3,386.2,109.3,317.1,1
487,27,1572.5,414.2,112,261.1,1
487,6,1798.5,423,81.7,214,1
487,19,1,221.5,258.9,797.7,0.998
487,18,1505.6,410.8,87.4,268.2,0.784
488,28,1220.2,458.3,90.7,195.2,1
488,26,482.8,321.3,187.9,528.7,1
488,22,1425.5,386.8,107.2,317.7,1
488,6,1800.8,425.5,81.7,211.8,1
488,27,1560.7,408.5,107.6,271.4,0.999
488,19,1,232.3,269.3,778.2,0.999
488,18,1500.3,422.9,98.6,264.7,0.972
489,28,1223.9,457.4,89.5,192.4,1
489,26,488.3,304.9,194,547.7,1
489,6,1801,424.4,82,212.1,1
489,22,1430.8,395.2,111.3,314.6,1
489,27,1556.9,402.6,103.1,275.2,0.999
489,19,1,227.6,278.2,783,0.999
490,28,1230,455.4,92.6,199.1,1
490,26,507.2,307.9,178,535.2,1
490,22,1442.2,396.9,105.5,312,1
490,6,1803.5,420.6,82,212.4,1
490,27,1556.6,411.7,100.6,263.3,1
490,19,10,208.1,295.9,795.4,0.999
491,28,1233,455.3,94.8,201.6,1
491,26,507.8,316.5,181.6,524.4,1
491,22,1446.5,396,109.9,309.9,1
491,6,1806.5,422.4,80.6,210,1
491,27,1548.1,410.1,107.6,265.6,0.999
491,19,13.9,220.1,304.8,790.3,1
492,28,1239,457.2,91.9,196.5,1
492,26,523.6,315.2,175.8,518.6,1
492,6,1809.7,423.9,78.1,206.6,1
492,19,24.6,215.7,344,771.2,1
492,22,1447.5,395.4,111.2,311,0.999
489,18,1510.7,420.725,101.125,263.6,0.972
490,18,1521.1,418.55,103.65,262.5,0.972
491,18,1531.5,416.375,106.175,261.4,0.972
492,18,1541.9,414.2,108.7,262.5,0.999
493,28,1249.4,453.9,85.1,199.4,1
493,26,530.9,327,176.6,527.1,1
493,6,1813.1,421,78.2,210.9,1
493,19,56.6,221,347.2,747.9,0.999
493,18,1534.4,424.1,109,246.1,0.998
493,22,1452.9,393.9,112.6,310.1,0.999
494,28,1254.5,451.7,83.3,199.3,1
494,26,532.1,327.7,187.6,519.5,1
494,6,1814.4,421,80.8,211.3,1
494,22,1462.4,396.5,107.4,309.1,1
494,19,71,223.4,357.6,750.2,0.999
494,18,1528.7,423.9,106.3,249.4,0.991
495,28,1263.7,448.1,82.6,200.5,1
495,26,541.5,329,187.9,515.8,1
495,22,1468.1,396.2,105.2,309.2,1
495,6,1816.7,421.8,80.4,210.3,1
495,19,87,228.2,377.3,749.6,1
495,18,1541.5,437.8,99.5,223.6,0.528
496,28,1270.1,448.7,81.4,199.2,1
496,26,553.3,332.7,185.4,516.6,1
496,19,101.3,247.8,394.3,737.7,1
496,22,1474.6,394.4,104.8,308.8,1
496,6,1818.1,420.8,83.7,211.6,1
496,18,1547.4,438.3,97.3,225.5,0.582
497,26,561.8,317.3,188.5,520.5,1
497,28,1272.8,451.1,78.6,196.7,1
497,19,109.9,244.8,412.2,734.1,1
497,6,1819.5,421.3,83.9,212.2,1
497,22,1475.5,394.4,108.9,305.2,0.998
497,29,1436.6,421.4,70.9,256.1,0.787
498,26,565.7,332,188.7,505.4,1
498,28,1279.7,448.3,84.6,201.7,1
498,19,139.7,250.4,395.4,722.4,1
498,6,1820,422.3,79.9,209.8,1
498,22,1480.6,391.5,111.3,303,0.999
498,29,1422.1,418.7,91.1,251.2,0.999
497,18,1567.95,443.05,89.1,212.3,0.582
498,18,1588.5,447.8,80.9,199.1,0.998
499,19,138.2,247,408.7,722,1
499,26,570.9,331.3,188,508.6,1
499,6,1821,422.9,77.5,207.8,1
499,28,1281.5,450.2,86.2,199.6,1
499,29,1417.1,425.8,94.8,244.5,1
499,22,1489.7,396.3,107.1,301.9,1
499,18,1596,448.9,76.9,199,0.996
500,26,584.7,332.5,181.9,508.1,1
500,28,1285.2,450.7,94.7,196.5,1
500,19,165.2,244,392.5,715.1,1
500,6,1822.8,421.8,77,206.4,1
500,22,1494.9,391.5,103.5,308.3,1
500,29,1408.2,431.4,95.6,239.6,1
500,18,1599.9,450.1,77.1,197.8,0.997
501,26,590.7,333.3,180.1,505.5,1
501,28,1288.6,455.1,95.7,192.7,1
501,22,1496.7,393.1,104.5,309.2,1
501,19,206.3,255.8,366.1,712.8,1
501,6,1823.2,422.3,76.5,205.8,1
501,29,1405.1,432,97.8,240.4,1
501,18,1609,451.7,73.4,194.3,0.999
502,26,597.6,330.6,178.2,502.1,1
502,22,1497.2,394.5,107.5,303.4,1
502,28,1290.6,453.3,98.2,198.8,1
502,19,259.8,249.5,314.1,715.7,1
502,6,1824.2,424,76.5,204.4,1
502,29,1402.9,429.9,97.3,244.2,1
502,18,1613.8,450.1,71.9,197.3,1
503,26,605.8,328.2,174.8,499.1,1
503,28,1297.3,452.6,95.3,197.8,1
503,6,1826.6,424,74.8,205.8,1
503,19,311.3,236.3,270.6,727.1,1
503,18,1611.3,444.9,75.1,201,0.999
503,22,1504,400.9,101.8,298,0.999
503,29,1395.4,445,95.8,227.6,0.999
504,26,611.6,327.7,176,499.1,1
504,28,1298.9,453.7,91.5,200.6,1
504,6,1827.3,425.4,75.5,203.7,1
504,19,351.8,242.3,241.1,705.1,1
504,18,1610.4,445.5,77.9,199.2,0.999
504,29,1387,439.8,99.6,229.6,0.999
504,22,1511.1,403.4,98.7,297,1
505,26,619.9,326.2,175.3,493,1
505,28,1306.6,451.7,92.4,199.9,1
505,6,1828.3,424.4,75.9,203.2,1
505,19,388.6,240.1,217.9,692.1,1
505,22,1511.2,400.1,109.7,296.8,1
505,18,1609.8,444.8,77.7,198,0.999
505,29,1381.5,439.4,99.1,232.1,0.999
506,26,626.5,326.2,173.3,491.5,1
506,6,1828.3,424.6,78,203.4,1
506,28,1311.6,451.3,90.5,197.8,0.999
506,19,397.7,239.1,226,699,1
506,22,1517.6,400.4,106.1,290.3,1
506,29,1371.2,437.3,100.4,233.7,1
506,18,1616.3,446.2,74.2,196.9,0.995
506,30,1455.6,421,79.6,256.6,0.905
507,26,632.3,331,182.5,493.9,1
507,6,1826.8,425.8,81.3,205.2,1
507,19,407.8,256.6,242.4,651.4,1
507,22,1517.1,396.3,105,297.3,1
507,29,1367.6,439.2,95.9,230.1,0.999
507,28,1326.6,460.1,65.9,185.5,0.792
507,18,1619.4,445,73.3,197.7,0.998
507,30,1452.9,428.1,89.7,241.9,0.995
508,6,1828.1,427.4,81.5,202.3,1
508,26,636.2,328.9,195.1,491.3,1
508,22,1531.4,404.2,96.9,285.9,1
508,19,420.2,257.3,262.5,678.2,1
508,29,1363.6,442.7,93.5,227,0.999
508,18,1624.2,449.1,70.4,192.3,0.996
508,30,1437,430.5,101.9,240.7,0.998
509,6,1829.9,424,79.3,205.3,1
509,22,1533.2,402,100.8,289.5,1
509,19,408.8,263.1,318.7,652.1,0.999
509,26,641.9,327,199.6,493.5,0.997
509,29,1361.2,434.7,86.3,233,0.999
509,30,1428.2,433.2,106.6,240,0.999
509,18,1629.5,448.5,70.7,193.9,0.998
510,22,1537.3,403.1,101.6,282.9,1
510,6,1827.3,427.4,81.6,204.6,1
510,19,442.9,274.4,305.6,647.9,1
510,30,1410.5,432.3,108.2,239.2,0.995
510,29,1357.3,439.2,83.7,228.8,1
510,18,1628.7,445.3,72.4,198.8,0.999
510,26,653.1,328.4,208.1,487.8,0.912
511,22,1536.9,400.2,103.6,280.5,1
511,6,1832.9,426.8,80.4,203.8,1
511,19,443.1,267.9,324,658.5,1
511,29,1352.4,436.5,83.6,230.4,0.998
511,18,1632.3,446.7,69.5,197.2,0.999
511,30,1404.7,428,107,248,1
512,22,1539.9,398.6,102.2,282,1
512,6,1835,428.1,78.5,202.1,1
512,19,460.4,275.5,312.5,645.2,1
512,30,1408.4,429,94.9,242.2,1
512,18,1635.2,444.1,67.6,200.7,0.999
508,28,1329.92,456.1,70.0,204.7,0.792
509,28,1333.24,452.1,74.1,223.9,0.792
510,28,1336.56,448.1,78.2,243.1,0.792
511,28,1339.88,444.1,82.3,262.3,0.792
512,28,1343.2,440.1,86.4,223.9,0.999
513,22,1545.6,396.4,99.7,286.3,1
513,19,481.9,279.7,290.3,651.7,1
513,6,1838.4,429.6,75,203,1
513,30,1401.4,435,94,236.4,1
513,28,1334.4,440.9,89,226.3,0.999
513,18,1637.5,445.1,65.3,199.8,0.999
514,22,1552.3,398.6,96.5,278,1
514,19,515.8,273.7,262.5,657.3,1
514,6,1838.9,430,74.6,200.2,1
514,28,1334.2,432.8,85.8,231.3,0.999
514,18,1637.4,441.6,67.9,202.6,0.999
512,29,1366.13333333,431.866666667,85.4666666667,237.0,0.998
513,29,1379.86666667,427.233333333,87.3333333333,243.6,0.998
514,29,1393.6,422.6,89.2,243.6,0.999
515,19,542.9,269.5,239.8,651.1,1
515,22,1557.3,398.5,95.8,286.6,1
515,6,1842.1,434.4,71.4,203.1,0.975
515,18,1638.7,442.7,71,202.5,0.999
515,28,1327.1,440.9,91.9,227.8,1
515,29,1391.6,425.3,86.4,243.9,0.998
516,19,574.4,265.1,229.2,632.1,1
516,22,1563.5,395.9,94.6,284.3,1
516,28,1314.8,438.9,102.5,228.7,0.999
516,18,1642.6,445.5,66.6,198.6,0.999
516,29,1386.2,426.2,86.5,239.1,0.998
517,19,606.8,259.8,213.8,627.8,1
517,22,1565.9,402.3,96.3,280.8,1
517,28,1310.8,444.2,105.4,225.4,0.999
517,18,1646,448,67.9,195.2,0.999
517,29,1384.9,427.4,92,240.5,0.999
518,22,1572,399.4,94.9,291.4,1
518,29,1359.7,425.4,115.4,246.2,0.998
518,18,1649.1,446.7,70.9,200.7,0.998
518,26,644.9,269.4,195.4,616.1,1
519,26,650.7,269.9,204.3,612.1,1
519,22,1575.4,405.1,97.7,282.5,1
519,18,1652,446.9,68.5,198.3,0.995
518,28,1330.5,436.25,104.4,234.05,0.999
519,28,1350.2,428.3,103.4,242.7,0.999
516,6,1843.45,421.95,71.925,243.1,0.975
517,6,1844.8,409.5,72.45,283.1,0.975
518,6,1846.15,397.05,72.975,323.1,0.975
519,6,1847.5,384.6,73.5,283.1,0.544
520,22,1579.9,409.4,93.7,277,1
520,26,649.3,274.8,227.5,606.9,1
520,28,1351.8,428.9,96.8,243.5,1
520,18,1655.5,446.9,67.5,197.7,0.997
520,6,1841.1,380.9,79.9,286.1,0.946
520,31,1306.6,445.3,77.3,215.6,0.971
521,22,1583.8,404.3,89.7,273.2,1
521,26,655.6,263.5,238.8,622.6,1
521,28,1347.8,435.7,99.7,231.3,0.999
521,18,1659.8,445.8,66.6,198.5,0.997
521,31,1298.8,441.5,75.2,221.6,0.996
521,6,1837.3,377.4,83.7,286.9,0.991
522,26,662.5,279,257.8,598.2,1
522,22,1588.9,406.5,92.9,273.3,1
522,28,1344.5,440.6,104.5,219.3,0.998
522,18,1660.4,446.1,70.5,199.1,0.992
522,31,1293.5,436.5,81.1,226.2,0.998
522,6,1833.7,371.3,87.3,309.7,0.987
519,29,1373.375,431.625,109.475,226.3,0.998
520,29,1387.05,437.85,103.55,206.4,0.998
521,29,1400.725,444.075,97.625,186.5,0.998
522,29,1414.4,450.3,91.7,206.4,0.999
523,26,661.3,283.6,278.4,596,1
523,22,1591.7,402.7,93.7,271.4,1
523,29,1425.4,451.2,86.2,205.6,1
523,31,1282.4,443.1,79.7,217.6,0.998
523,28,1339.8,438.3,104.8,221.6,0.999
523,18,1661.2,444,68.8,200.2,0.883
523,6,1833.6,366.6,87.4,321.4,0.991
524,26,671.3,285.7,281.4,595.2,1
524,22,1597.8,401.8,94,274.8,1
524,29,1434.1,452.2,84.4,206,1
524,28,1336,438.5,106.9,223.1,1
524,31,1282.4,436.2,77.3,224,0.998
524,6,1827.8,369.4,93.2,319.7,0.998
524,18,1652.1,437.8,75.7,215.4,0.683
525,26,684.1,306.2,283,564,1
525,29,1433.1,454.8,95.3,203.5,1
525,28,1333.6,442.4,102.2,220.7,1
525,22,1599.4,398.7,93.7,277.4,1
525,6,1829,369.7,92,317.3,0.999
525,31,1280,438.7,70.4,226.6,0.997
